label,frame_id,subframes,rotation,x_shift,y_shift,top_left_x_pixels,top_left_y_pixels,sizeX,sizeY,flip_x,flip_y
wep2,0,1,0,-40,6,0,256,8,8,False,False
wep2,1,3,28,0,0,64,440,16,8,False,False,0,0,112,440,16,8,False,False,0,0,160,440,16,8,False,False
wep2,2,1,0,-6,6,0,256,8,8,False,False
wep2,3,1,0,0,0,48,448,16,8,False,False
wep2,4,1,0,12,7,0,256,8,8,False,False
wep2,5,3,2,0,0,192,448,16,8,False,False,0,0,240,448,16,8,False,False,0,0,32,456,16,8,False,False
wep2,6,1,0,42,7,0,256,8,8,False,False
wep2,7,1,6,0,0,176,456,16,8,False,False
wep2,8,1,0,60,7,0,256,8,8,False,False
wep2,9,3,8,0,0,64,464,16,8,False,False,0,0,112,464,16,8,False,False,0,0,160,464,16,8,False,False
wep2,10,1,0,90,7,0,256,8,8,False,False
wep2,11,1,12,0,0,48,472,16,8,False,False
wep2,12,1,0,108,7,0,256,8,8,False,False
wep2,13,3,14,0,0,192,472,16,8,False,False,0,0,240,472,16,8,False,False,0,0,32,480,16,8,False,False
wep2,14,1,0,-118,7,0,256,8,8,False,False
wep2,15,1,18,0,0,176,480,16,8,False,False
wep2,16,1,0,-100,7,0,256,8,8,False,False
wep2,17,3,20,0,0,64,488,16,8,False,False,0,0,112,488,16,8,False,False,0,0,160,488,16,8,False,False
wep2,18,1,0,-70,7,0,256,8,8,False,False
wep2,19,1,24,0,0,48,496,16,8,False,False
wep2,20,1,0,-52,7,0,256,8,8,False,False
wep2,21,3,26,0,0,192,496,16,8,False,False,0,0,240,496,16,8,False,False,0,0,32,504,16,8,False,False
wep2,22,1,0,-22,7,0,256,8,8,False,False
wep2,23,1,30,0,0,176,504,16,8,False,False
wep2,24,1,0,-4,7,0,256,8,8,False,False
wep2,25,3,0,0,0,64,256,16,16,False,False,0,0,112,256,16,16,False,False,0,0,160,256,16,16,False,False
wep2,26,1,0,26,8,0,256,8,8,False,False
wep2,27,1,4,0,0,48,264,16,16,False,False
wep2,28,1,0,44,8,0,256,8,8,False,False
wep2,29,3,6,0,0,192,264,16,16,False,False,0,0,240,264,16,16,False,False,0,0,32,272,16,16,False,False
wep2,30,1,0,74,8,0,256,8,8,False,False
wep2,31,1,10,0,0,176,272,16,16,False,False
wep2,32,1,0,92,8,0,256,8,8,False,False
wep2,33,3,12,0,0,64,280,16,16,False,False,0,0,112,280,16,16,False,False,0,0,160,280,16,16,False,False
wep2,34,1,0,122,8,0,256,8,8,False,False
wep2,35,1,16,0,0,48,288,16,16,False,False
wep2,36,1,0,-116,8,0,256,8,8,False,False
wep2,37,3,18,0,0,192,288,16,16,False,False,0,0,240,288,16,16,False,False,0,0,32,296,16,16,False,False
wep2,38,1,0,-86,8,0,256,8,8,False,False
wep2,39,1,22,0,0,176,296,16,16,False,False
wep2,40,1,0,-68,8,0,256,8,8,False,False
wep2,41,3,24,0,0,64,304,16,16,False,False,0,0,112,304,16,16,False,False,0,0,192,304,16,16,False,False
wep2,42,1,0,-26,8,0,256,8,8,False,False
wep2,43,5,30,0,0,208,312,16,16,False,False,0,0,64,320,16,16,False,False,0,0,144,320,16,16,False,False,0,0,224,320,16,16,False,False,0,0,80,328,16,16,False,False
wep2,44,1,0,56,9,0,256,8,8,False,False
wep2,45,7,7,0,0,96,336,16,16,False,False,0,0,176,336,16,16,False,False,0,0,0,344,16,16,False,False,0,0,112,344,16,16,False,False,0,0,224,344,16,16,False,False,0,0,80,352,16,16,False,False,0,0,192,352,16,16,False,False
wep2,46,1,0,-94,9,0,256,8,8,False,False
wep2,47,1,21,0,0,112,360,16,16,False,False
wep2,48,1,0,-76,9,0,256,8,8,False,False
wep2,49,3,23,0,0,32,368,16,16,False,False,0,0,144,368,16,16,False,False,0,0,0,376,16,16,False,False
wep2,50,1,0,-26,9,0,256,8,8,False,False
wep2,51,5,30,0,0,240,376,16,16,False,False,0,0,64,384,16,16,False,False,0,0,176,384,16,16,False,False,0,0,32,392,16,16,False,False,0,0,80,392,16,16,False,False
wep2,52,1,0,56,10,0,256,8,8,False,False
wep2,53,3,8,0,0,96,400,16,16,False,False,0,0,176,400,16,16,False,False,0,0,0,408,16,16,False,False
wep2,54,1,0,102,10,0,256,8,8,False,False
wep2,55,1,14,0,0,176,408,16,16,False,False
wep2,56,1,0,124,10,0,256,8,8,False,False
wep2,57,3,16,0,0,64,416,16,16,False,False,0,0,112,416,16,16,False,False,0,0,160,416,16,16,False,False
wep2,58,1,0,-98,10,0,256,8,8,False,False
wep2,59,1,21,0,0,144,424,16,16,False,False
wep2,60,1,0,-72,10,0,256,8,8,False,False
wep2,61,3,24,0,0,96,432,16,16,False,False,0,0,176,432,16,16,False,False,0,0,0,440,16,16,False,False
wep2,62,1,0,-22,10,0,256,8,8,False,False
wep2,63,1,30,0,0,208,440,16,16,False,False
wep2,64,1,0,4,11,0,256,8,8,False,False
wep2,65,7,1,0,0,192,448,16,16,False,False,0,0,16,456,16,16,False,False,0,0,96,456,16,16,False,False,0,0,176,456,16,16,False,False,0,0,0,464,16,16,False,False,0,0,48,464,16,16,False,False,0,0,96,464,16,16,False,False
wep2,66,1,0,82,11,0,256,8,8,False,False
wep2,67,1,11,0,0,16,472,16,16,False,False
wep2,68,1,0,108,11,0,256,8,8,False,False
wep2,69,7,14,0,0,224,472,16,16,False,False,0,0,48,480,16,16,False,False,0,0,128,480,16,16,False,False,0,0,208,480,16,16,False,False,0,0,32,488,16,16,False,False,0,0,112,488,16,16,False,False,0,0,160,488,16,16,False,False
wep2,70,1,0,-66,11,0,256,8,8,False,False
wep2,71,1,25,0,0,144,496,16,16,False,False
wep2,72,1,0,-36,11,0,256,8,8,False,False
wep2,73,7,28,0,0,128,504,16,16,False,False,0,0,208,504,16,16,False,False,0,0,32,256,16,24,False,False,0,0,80,256,16,24,False,False,0,0,128,256,16,24,False,False,0,0,176,256,16,24,False,False,0,0,224,256,16,24,False,False
wep2,74,1,0,34,12,0,256,8,8,False,False
wep2,75,1,5,0,0,112,264,16,24,False,False
wep2,76,1,0,52,12,0,256,8,8,False,False
wep2,77,3,7,0,0,0,272,16,24,False,False,0,0,48,272,16,24,False,False,0,0,96,272,16,24,False,False
wep2,78,1,0,82,12,0,256,8,8,False,False
wep2,79,1,11,0,0,240,272,16,24,False,False
wep2,80,1,0,100,12,0,256,8,8,False,False
wep2,81,7,13,0,0,160,280,16,24,False,False,0,0,208,280,16,24,False,False,0,0,0,288,16,24,False,False,0,0,48,288,16,24,False,False,0,0,96,288,16,24,False,False,0,0,176,288,16,24,False,False,0,0,224,288,16,24,False,False
wep2,82,1,0,-94,12,0,256,8,8,False,False
wep2,83,1,21,0,0,112,296,16,24,False,False
wep2,84,1,0,-76,12,0,256,8,8,False,False
wep2,85,3,23,0,0,0,304,16,24,False,False,0,0,48,304,16,24,False,False,0,0,96,304,16,24,False,False
wep2,86,1,0,-46,12,0,256,8,8,False,False
wep2,87,1,27,0,0,240,304,16,24,False,False
wep2,88,1,0,-28,12,0,256,8,8,False,False
wep2,89,3,29,0,0,128,312,16,24,False,False,0,0,0,256,8,8,False,False,0,0,0,256,8,8,False,False
wep2,90,1,0,0,0,0,256,8,8,False,False
wep2,91,1,0,0,0,0,256,8,8,False,False
wep2,92,1,0,0,0,0,256,8,8,False,False
wep2,93,1,0,0,0,0,256,8,8,False,False
wep2,94,1,0,0,0,0,256,8,8,False,False
wep2,95,1,0,0,0,0,256,8,8,False,False
wep2,96,1,0,0,0,0,256,8,8,False,False
wep2,97,1,0,0,0,0,256,8,8,False,False
wep2,98,1,0,0,0,0,256,8,8,False,False
wep2,99,1,0,0,0,0,256,8,8,False,False
wep2,100,1,0,0,0,0,256,8,8,False,False
wep2,101,1,0,0,0,0,256,8,8,False,False
wep2,102,1,0,0,0,0,256,8,8,False,False
wep2,103,1,0,0,0,0,256,8,8,False,False
wep2,104,1,0,0,0,0,256,8,8,False,False
wep2,105,1,0,0,0,0,256,8,8,False,False
wep2,106,1,0,0,0,0,256,8,8,False,False
wep2,107,1,0,0,0,0,256,8,8,False,False
wep2,108,1,0,0,0,0,256,8,8,False,False
wep2,109,1,0,0,0,0,256,8,8,False,False
wep2,110,1,0,0,0,0,256,8,8,False,False
wep2,111,1,0,0,0,0,256,8,8,False,False
wep2,112,1,0,0,0,0,256,8,8,False,False
wep2,113,1,0,0,0,0,256,8,8,False,False
wep2,114,1,0,0,0,0,256,8,8,False,False
wep2,115,1,0,0,0,0,256,8,8,False,False
wep2,116,1,0,0,0,0,256,8,8,False,False
wep2,117,1,0,0,0,0,256,8,8,False,False
wep2,118,1,0,0,0,0,256,8,8,False,False
wep2,119,1,0,0,0,0,256,8,8,False,False
wep2,120,1,0,0,0,0,256,8,8,False,False
wep2,121,1,0,0,0,0,256,8,8,False,False
wep2,122,1,0,0,0,0,256,8,8,False,False
wep2,123,1,0,0,0,0,256,8,8,False,False
wep2,124,1,0,0,0,0,256,8,8,False,False
wep2,125,1,0,0,0,0,256,8,8,False,False
wep2,126,1,0,0,0,0,256,8,8,False,False
wep2,127,1,0,0,0,0,256,8,8,False,False
wep2,128,1,0,0,0,0,256,8,8,False,False
wep2,129,1,0,0,0,0,256,8,8,False,False
wep2,130,1,0,0,0,0,256,8,8,False,False
wep2,131,7,30,-112,0,112,440,16,24,False,False,32,-55,0,280,8,8,False,False,-25,1,0,328,16,16,True,True,88,0,160,504,56,56,True,True,32,-55,0,280,8,8,False,False,-32,5,16,328,16,16,True,True,0,0,104,440,32,16,True,True
wep2,132,3,4,96,0,128,312,16,8,False,False,32,-55,0,256,8,8,False,False,-20,-44,16,328,16,16,False,False
wep2,133,1,18,-37,8,0,328,16,16,False,False
wep2,134,1,12,-39,-23,16,328,16,16,False,False
wep2,135,1,12,-29,11,16,328,16,16,False,True
wep2,136,1,12,-24,12,16,328,16,16,False,True
wep2,137,1,18,7,-1,0,328,16,16,True,True
wep2,138,1,8,-40,-15,0,328,16,16,False,True
wep2,139,1,8,-44,-14,0,328,16,16,False,False
wep2,140,1,12,-29,11,16,328,16,16,False,True
wep2,141,1,8,-43,-16,0,328,16,16,False,False
wep2,142,1,8,-43,-14,0,328,16,16,False,False
wep2,143,1,8,-43,-14,0,328,16,16,False,False
wep2,144,1,8,-30,2,16,328,16,16,False,True
wep2,145,1,8,-29,3,16,328,16,16,False,True
wep2,146,1,12,-22,12,16,328,16,16,False,True
wep2,147,1,18,2,9,0,328,16,16,True,True
wep2,148,1,0,-22,-3,16,328,16,16,False,True
wep2,149,1,18,8,-1,0,328,16,16,True,True
wep2,150,1,18,-39,10,0,328,16,16,False,False
wep2,151,1,12,-40,-22,16,328,16,16,False,False
wep2,152,1,12,-37,-28,16,328,16,16,False,False
wep2,153,1,0,-24,-40,16,328,16,16,False,False
wep2,154,1,12,-26,10,16,328,16,16,False,True
wep2,155,1,12,-9,10,16,328,16,16,True,True
wep2,156,1,12,-17,10,16,328,16,16,False,True
wep2,157,1,12,-25,10,16,328,16,16,False,True
wep2,158,1,0,-18,-47,16,328,16,16,False,False
wep2,159,1,0,-14,-37,16,328,16,16,False,False
wep2,160,1,0,-18,-47,16,328,16,16,False,False
wep2,161,1,0,-22,-45,16,328,16,16,False,False
wep2,162,1,0,-23,-45,16,328,16,16,False,False
wep2,163,1,0,-21,-39,16,328,16,16,False,False
wep2,164,1,8,-34,-11,0,328,16,16,False,False
wep2,165,1,8,-34,-10,0,328,16,16,False,False
wep2,166,1,8,-39,-19,0,328,16,16,False,False
wep2,167,1,12,-25,8,16,328,16,16,False,True
wep2,168,1,12,-16,9,16,328,16,16,False,True
wep2,169,1,18,-18,14,200,256,24,16,True,False
wep2,170,1,12,-25,2,200,256,24,16,True,False
wep2,171,1,11,-13,-1,200,256,24,16,True,False
wep2,172,1,0,-28,-32,224,256,24,16,False,False
wep2,173,1,12,-31,3,224,256,24,16,True,False
wep2,174,1,12,-17,5,200,256,24,16,True,False
wep2,175,1,12,-51,4,224,256,24,16,False,False
wep2,176,1,18,-44,7,200,256,24,16,False,False
wep2,177,1,0,5,-39,224,256,24,16,True,True
wep2,178,1,0,-34,-29,224,256,24,16,False,True
wep2,179,1,0,-34,-29,224,256,24,16,False,True
wep2,180,1,0,-34,-29,224,256,24,16,False,True
wep2,181,1,8,-48,-15,200,256,24,16,False,True
wep2,182,1,8,-52,-14,200,256,24,16,False,False
wep2,183,1,0,-34,-29,224,256,24,16,False,True
wep2,184,1,8,-51,-16,200,256,24,16,False,False
wep2,185,1,8,-51,-14,200,256,24,16,False,False
wep2,186,1,8,-51,-14,200,256,24,16,False,False
wep2,187,1,0,-37,-15,224,256,24,16,False,False
wep2,188,1,0,-37,-13,224,256,24,16,False,False
wep2,189,1,0,-36,-22,224,256,24,16,False,True
wep2,190,1,18,2,10,200,256,24,16,True,True
wep2,191,1,12,-3,7,224,256,24,16,True,False
wep2,192,1,18,8,-1,200,256,24,16,True,True
wep2,193,1,18,-48,9,200,256,24,16,False,False
wep2,194,1,0,6,-40,224,256,24,16,True,True
wep2,195,1,0,12,-37,224,256,24,16,True,True
wep2,196,1,12,-48,8,224,256,24,16,False,False
wep2,197,1,0,-33,-28,224,256,24,16,False,True
wep2,198,1,0,-33,-8,224,256,24,16,False,False
wep2,199,1,0,-34,-17,224,256,24,16,False,True
wep2,200,1,0,-34,-26,224,256,24,16,False,True
wep2,201,1,12,-55,2,224,256,24,16,False,False
wep2,202,1,12,-45,-3,224,256,24,16,False,False
wep2,203,1,12,-55,2,224,256,24,16,False,False
wep2,204,1,12,-52,6,224,256,24,16,False,False
wep2,205,1,12,-52,7,224,256,24,16,False,False
wep2,206,1,12,-46,5,224,256,24,16,False,False
wep2,207,1,8,-41,-11,200,256,24,16,False,False
wep2,208,1,8,-41,-11,200,256,24,16,False,False
wep2,209,1,8,-47,-19,200,256,24,16,False,False
wep2,210,1,0,-32,-25,224,256,24,16,False,True
wep2,211,1,0,-32,-16,224,256,24,16,False,True
wep2,212,1,0,-14,-22,224,272,24,16,True,False
wep2,213,1,0,-14,-25,224,272,24,16,True,False
wep2,214,1,0,-12,-36,224,272,24,16,True,False
wep2,215,1,0,-12,-25,224,272,24,16,True,True
wep2,216,1,0,-12,-33,224,272,24,16,True,True
wep2,217,1,0,-14,-39,224,272,24,16,True,True
wep2,218,1,0,-25,-31,152,408,24,24,False,True
wep2,219,1,12,-29,-1,128,408,24,24,True,False
wep2,220,1,0,-22,-13,176,408,24,24,True,True
wep2,221,1,12,-39,2,176,408,24,24,True,True
wep2,222,1,0,-21,-34,176,408,24,24,False,True
wep2,223,1,12,-20,0,128,408,24,24,True,True
wep2,224,1,0,-22,-49,176,408,24,24,False,False
wep2,225,1,0,2,-47,152,408,24,24,True,False
wep2,226,1,22,-39,7,128,408,24,24,False,False
wep2,227,1,12,-39,10,152,408,24,24,False,True
wep2,228,1,12,-26,9,176,408,24,24,False,True
wep2,229,1,12,-3,9,152,408,24,24,True,True
wep2,230,1,12,-44,10,152,408,24,24,False,True
wep2,231,1,12,-46,13,152,408,24,24,False,True
wep2,232,1,3,-37,-21,128,408,24,24,False,False
wep2,233,1,12,-47,13,152,408,24,24,False,True
wep2,234,1,12,-46,14,152,408,24,24,False,True
wep2,235,1,12,-46,14,152,408,24,24,False,True
wep2,236,1,12,-21,13,176,408,24,24,True,True
wep2,237,1,12,-19,13,176,408,24,24,True,True
wep2,238,1,12,-24,8,176,408,24,24,False,True
wep2,239,1,12,-14,12,152,408,24,24,True,True
wep2,240,1,0,-25,-4,176,408,24,24,False,True
wep2,241,1,12,-3,9,152,408,24,24,True,True
wep2,242,1,12,-48,-24,152,408,24,24,False,False
wep2,243,1,12,-48,-27,152,408,24,24,False,False
wep2,244,1,12,-39,-34,176,408,24,24,False,False
wep2,245,1,19,-23,21,176,408,24,24,False,True
wep2,246,1,12,-28,7,176,408,24,24,False,True
wep2,247,1,12,-13,8,176,408,24,24,True,True
wep2,248,1,2,-30,-11,128,408,24,24,False,False
wep2,249,1,12,-27,8,176,408,24,24,False,True
wep2,250,1,15,-39,20,176,408,24,24,False,True
wep2,251,1,15,-32,12,176,408,24,24,False,True
wep2,252,1,15,-37,19,176,408,24,24,False,True
wep2,253,1,15,-32,20,176,408,24,24,False,True
wep2,254,1,15,-31,21,176,408,24,24,False,True
wep2,255,1,19,-23,21,176,408,24,24,False,True
wep2,256,1,0,-32,-37,152,408,24,24,False,False
wep2,257,1,0,-33,-36,152,408,24,24,False,False
wep2,258,1,19,-23,21,176,408,24,24,False,True
wep2,259,1,2,-30,-12,128,408,24,24,False,False
wep2,260,1,2,-30,-11,128,408,24,24,False,False
wep2,261,1,0,-19,-22,80,304,24,16,False,False
wep2,262,1,0,-19,-28,56,304,24,16,False,False
wep2,263,1,12,-35,-6,104,304,24,16,False,False
wep2,264,1,12,-34,-6,80,304,24,16,False,False
wep2,265,1,0,-19,-36,56,304,24,16,False,False
wep2,266,1,0,-24,-16,104,304,24,16,False,False
wep2,267,1,0,-19,-36,56,304,24,16,False,False
wep2,268,1,0,-19,-36,56,304,24,16,False,False
wep2,269,1,0,-19,-36,56,304,24,16,False,False
wep2,270,1,0,-20,-21,80,304,24,16,False,False
wep2,271,1,0,-20,-21,80,304,24,16,False,False
wep2,272,1,0,-20,-21,80,304,24,16,False,False
wep2,273,1,0,-24,-16,104,304,24,16,False,False
wep2,274,1,0,-24,-16,104,304,24,16,False,False
wep2,275,1,0,-24,-16,104,304,24,16,False,False
wep2,276,1,12,-35,-4,176,304,24,16,False,False
wep2,277,1,12,-38,-5,128,304,24,16,False,False
wep2,278,1,12,-38,-7,128,304,24,16,False,False
wep2,279,1,0,-31,-32,152,304,24,16,False,False
wep2,280,1,0,-28,-32,152,304,24,16,False,False
wep2,281,1,0,-28,-23,128,304,24,16,False,False
wep2,282,1,0,-28,-23,128,304,24,16,False,False
wep2,283,1,12,-45,-1,128,304,24,16,False,False
wep2,284,1,12,-41,3,176,304,24,16,False,False
wep2,285,1,12,-41,3,176,304,24,16,False,False
wep2,286,1,0,-28,-32,152,304,24,16,False,False
wep2,287,1,0,-28,-32,152,304,24,16,False,False
wep2,288,1,0,-28,-32,152,304,24,16,False,False
wep2,289,1,0,-26,-22,176,304,24,16,False,False
wep2,290,1,0,-26,-22,176,304,24,16,False,False
wep2,291,1,0,-26,-22,176,304,24,16,False,False
wep2,292,3,12,-30,0,128,264,16,16,True,False,-32,-4,48,256,16,24,True,False,-31,-1,184,456,16,24,True,False
wep2,293,3,12,-32,-4,144,264,16,16,True,False,-33,-7,64,256,16,24,False,False,-37,-5,176,256,16,16,False,False
wep2,294,3,12,-32,-5,144,264,16,16,True,False,-33,-8,64,256,16,24,False,False,-37,-6,176,256,16,16,False,False
wep2,295,3,12,-36,3,128,264,16,16,True,False,-37,-1,48,256,16,24,True,False,-36,3,184,456,16,24,True,False
wep2,296,2,12,-30,0,128,264,16,16,True,False,-32,-3,48,256,16,24,True,False
wep2,297,3,12,-24,5,184,456,16,24,False,False,-21,1,48,256,16,24,False,False,-22,5,128,264,16,16,False,False
wep2,298,2,12,-20,2,48,256,16,24,False,False,-22,5,128,264,16,16,False,False
wep2,299,3,12,-22,1,128,456,24,24,True,False,-18,0,80,256,16,24,True,False,-17,3,160,264,16,16,True,False
wep2,300,3,12,-30,0,128,264,16,16,True,False,-32,-4,48,256,16,24,True,False,-31,-1,184,456,16,24,True,False
wep2,301,2,12,-17,-1,80,256,16,24,True,False,-17,1,160,264,16,16,True,False
wep2,302,2,12,-30,0,128,264,16,16,True,False,-33,-3,32,256,16,24,True,False
wep2,303,2,12,-36,3,128,264,16,16,True,False,-38,0,32,256,16,24,True,False
wep2,304,2,12,-17,1,80,256,16,24,True,False,-17,3,160,264,16,16,True,False
wep2,305,2,12,-15,-1,32,256,16,24,False,False,-17,3,160,264,16,16,True,False
wep2,306,2,12,-36,3,128,264,16,16,True,False,-38,0,48,256,16,24,True,False
wep2,307,2,12,-37,3,128,264,16,16,True,False,-39,0,48,256,16,24,True,False
wep2,308,2,12,-36,3,128,264,16,16,True,False,-38,-1,32,256,16,24,True,False
wep2,309,2,12,-20,2,32,256,16,24,False,False,-22,5,128,264,16,16,False,False
wep2,310,2,12,-19,3,32,256,16,24,False,False,-22,5,128,264,16,16,False,False
wep2,311,3,12,-37,-3,128,456,24,24,False,False,-33,-3,80,256,16,24,False,False,-32,0,160,264,16,16,False,False
wep2,312,2,12,-19,3,32,256,16,24,False,False,-22,5,128,264,16,16,False,False
wep2,313,2,12,-14,0,32,256,16,24,False,False,-17,3,160,264,16,16,True,False
wep2,314,2,12,-13,1,32,256,16,24,False,False,-17,3,160,264,16,16,True,False
wep2,315,3,12,-30,-1,184,456,16,24,True,False,-32,-2,48,256,16,24,True,False,-31,2,128,264,16,16,True,False
wep2,316,3,12,-36,-5,176,256,24,16,False,False,-33,-7,80,256,16,24,False,False,-32,-4,144,264,16,16,True,False
wep2,317,3,12,-37,-7,176,256,24,16,False,False,-34,-9,80,256,16,24,False,False,-33,-6,144,264,16,16,True,False
wep2,318,3,12,-40,-3,128,456,24,24,False,False,-36,-3,80,256,16,24,False,False,-35,0,160,264,16,16,False,False
wep2,319,2,12,-31,1,64,256,16,24,False,False,-31,2,128,264,16,16,True,False
wep2,320,3,12,-31,0,184,456,16,24,True,False,-33,-1,48,256,16,24,True,False,-32,3,128,264,16,16,True,False
wep2,321,3,12,-33,3,184,456,16,24,True,False,-35,2,48,256,16,24,True,False,-34,6,128,264,16,16,True,False
wep2,322,2,12,-32,-1,48,256,16,24,True,False,-30,2,128,264,16,16,True,False
wep2,323,3,12,-23,6,128,264,16,16,False,False,-24,0,48,256,16,24,False,False,-26,6,184,456,16,24,False,False
wep2,324,2,12,-21,0,128,264,16,16,False,False,-25,-3,64,256,16,24,True,False
wep2,325,2,12,-33,-2,48,256,16,24,True,False,-30,0,128,264,16,16,True,False
wep2,326,2,12,-23,-2,128,264,16,16,False,False,-26,-4,64,256,16,24,True,False
wep2,327,2,12,-36,-2,64,256,16,24,False,False,-35,0,160,264,16,16,False,False
wep2,328,2,12,-37,-1,64,256,16,24,False,False,-35,0,160,264,16,16,False,False
wep2,329,2,12,-38,0,64,256,16,24,False,False,-35,0,160,264,16,16,False,False
wep2,330,2,12,-35,2,48,256,16,24,True,False,-34,6,128,264,16,16,True,False
wep2,331,2,12,-36,3,48,256,16,24,True,False,-34,6,128,264,16,16,True,False
wep2,332,2,12,-37,4,48,256,16,24,True,False,-34,6,128,264,16,16,True,False
wep2,333,2,12,-23,6,128,264,16,16,False,False,-23,1,48,256,16,24,False,False
wep2,334,2,12,-23,6,128,264,16,16,False,False,-27,3,64,256,16,24,True,False
wep2,335,2,12,-23,6,128,264,16,16,False,False,-26,4,64,256,16,24,True,False
wep2,336,2,12,-24,-5,168,456,16,24,False,False,-30,-2,128,368,24,16,True,False
wep2,337,2,12,-27,-9,168,456,16,24,False,False,-33,-6,128,368,24,16,True,False
wep2,338,2,12,-26,-12,168,456,16,24,False,False,-31,-6,176,368,24,16,True,False
wep2,339,2,12,-17,8,152,456,16,24,False,False,-37,-2,128,368,24,16,True,False
wep2,340,2,12,-30,-6,168,456,16,24,False,False,-37,-2,128,368,24,16,True,False
wep2,341,2,12,-23,-3,168,456,16,24,True,False,-27,3,176,368,24,16,False,False
wep2,342,1,12,-25,2,104,368,24,16,False,False
wep2,343,2,8,-17,-13,152,456,16,24,False,False,-27,-5,176,368,24,16,False,False
wep2,344,2,12,-23,-4,168,456,16,24,True,False,-25,0,104,368,24,16,False,False
wep2,345,1,12,-30,0,152,368,24,8,False,False
wep2,346,1,12,-29,-1,104,368,24,16,False,False
wep2,347,1,12,-36,-2,104,368,24,16,True,False
wep2,348,1,8,-27,-4,176,368,24,16,False,False
wep2,349,1,8,-27,-8,176,368,24,16,False,False
wep2,350,1,12,-36,-1,104,368,24,16,True,False
wep2,351,1,12,-36,-4,104,368,24,16,True,False
wep2,352,1,12,-36,-3,104,368,24,16,True,False
wep2,353,1,12,-25,1,104,368,24,16,False,False
wep2,354,1,12,-25,2,104,368,24,16,False,False
wep2,355,1,12,-28,4,152,368,24,8,False,False
wep2,356,1,12,-25,1,104,368,24,16,False,False
wep2,357,1,8,-27,-6,176,368,24,16,False,False
wep2,358,1,8,-27,-7,176,368,24,16,False,False
wep2,359,2,12,-27,-9,168,456,16,24,False,False,-33,-6,128,368,24,16,True,False
wep2,360,2,12,-27,-11,168,456,16,24,False,False,-33,-8,128,368,24,16,True,False
wep2,361,2,12,-30,-12,168,456,16,24,False,False,-36,-9,128,368,24,16,True,False
wep2,362,2,12,-32,-5,168,456,16,24,False,False,-39,-1,128,368,24,16,True,False
wep2,363,1,12,-31,2,152,368,24,8,True,False
wep2,364,2,12,-29,-3,168,456,16,24,False,False,-35,3,176,368,24,16,True,False
wep2,365,2,12,-28,0,168,456,16,24,False,False,-34,6,176,368,24,16,True,False
wep2,366,2,12,-26,-3,168,456,16,24,False,False,-36,4,176,368,24,16,False,False
wep2,367,2,12,-24,-3,168,456,16,24,True,False,-28,0,104,368,24,16,False,False
wep2,368,2,12,-23,-3,168,456,16,24,True,False,-27,0,128,368,24,16,False,False
wep2,369,1,12,-34,1,152,368,24,8,False,False
wep2,370,1,12,-23,-5,104,368,24,16,False,False
wep2,371,1,12,-38,-1,104,368,24,16,True,False
wep2,372,1,12,-39,-1,104,368,24,16,True,False
wep2,373,1,12,-38,-1,104,368,24,16,True,False
wep2,374,1,12,-35,9,152,368,24,8,False,False
wep2,375,1,12,-35,10,152,368,24,8,False,False
wep2,376,1,12,-35,9,152,368,24,8,False,False
wep2,377,1,12,-27,1,104,368,24,16,False,False
wep2,378,1,12,-26,2,104,368,24,16,False,False
wep2,379,1,12,-27,1,104,368,24,16,False,False
wep2,380,1,0,-12,-4,152,376,24,8,False,False
wep2,381,1,12,-35,-4,0,480,32,24,False,False
wep2,382,1,12,-34,-5,32,480,32,24,False,False
wep2,383,1,12,-33,-6,0,480,32,24,False,False
wep2,384,1,12,-32,-7,32,480,32,24,False,False
wep2,385,1,12,-34,-5,32,480,32,24,False,False
wep2,386,1,12,-37,-7,0,480,32,24,False,False
wep2,387,1,12,-36,-6,32,480,32,24,False,False
wep2,388,1,12,-35,-5,0,480,32,24,False,False
wep2,389,1,12,-34,-4,32,480,32,24,False,False
wep2,390,1,0,-17,-31,64,392,16,16,False,False
wep2,391,1,0,-18,-32,64,392,16,16,False,False
wep2,392,1,0,-19,-31,48,392,16,16,False,False
wep2,393,1,0,-20,-30,48,376,16,16,False,False
wep2,394,1,0,-20,-29,48,376,16,16,False,False
wep2,395,1,0,-20,-32,64,392,16,16,True,False
wep2,396,1,0,-21,-32,64,392,16,16,True,False
wep2,397,1,0,-21,-32,48,392,16,16,True,False
wep2,398,1,0,-21,-32,64,376,16,16,False,False
wep2,399,1,0,-21,-31,64,376,16,16,False,False
wep2,400,1,18,-37,12,40,408,48,16,False,False
wep2,401,1,12,-45,2,40,408,48,16,False,False
wep2,402,1,8,-35,-5,40,408,48,16,False,False
wep2,403,1,0,-22,-36,0,408,48,16,False,False
wep2,404,1,12,-45,1,0,408,48,16,True,True
wep2,405,1,12,-34,5,40,408,48,16,True,False
wep2,406,1,0,-29,-29,0,408,48,16,False,False
wep2,407,1,8,-40,-18,40,408,48,16,False,False
wep2,408,1,8,-46,-20,40,408,48,16,False,False
wep2,409,1,8,-49,-20,40,408,48,16,False,False
wep2,410,1,0,-27,-27,0,408,48,16,False,False
wep2,411,1,8,-39,-18,40,408,48,16,False,False
wep2,412,1,12,-44,-3,0,408,48,16,False,True
wep2,413,1,0,-33,-15,0,408,48,16,False,True
wep2,414,1,0,-37,-12,0,408,48,16,False,True
wep2,415,1,12,-28,5,0,408,48,16,True,True
wep2,416,1,12,-20,7,0,408,48,16,True,True
wep2,417,1,12,-16,9,0,408,48,16,True,True
wep2,418,1,8,-40,-19,40,408,48,16,False,False
wep2,419,1,0,-34,-37,0,408,48,16,False,False
wep2,420,1,0,-36,-38,0,408,48,16,False,False
wep2,421,1,0,-28,-20,0,408,48,16,False,True
wep2,422,1,0,-34,-16,0,408,48,16,False,True
wep2,423,1,0,-37,-14,0,408,48,16,False,True
wep2,424,1,12,-28,5,0,408,48,16,True,True
wep2,425,1,18,-10,3,40,408,48,16,True,False
wep2,426,1,18,-6,3,40,408,48,16,True,False
wep2,427,1,0,-26,-29,0,408,48,16,False,False
wep2,428,1,8,-40,-22,40,408,48,16,False,False
wep2,429,1,12,-42,-5,0,408,48,16,False,True
wep2,430,1,0,-23,-23,0,408,32,16,False,True
wep2,431,1,8,-60,-22,40,408,48,16,False,False
wep2,432,1,0,-35,-31,0,408,48,16,False,False
wep2,433,1,0,-39,-34,0,408,48,16,False,False
wep2,434,1,0,-26,-29,0,408,48,16,False,False
wep2,435,1,18,-18,11,40,408,48,16,True,True
wep2,436,1,18,-12,9,40,408,48,16,True,False
wep2,437,1,8,-50,-19,40,408,48,16,False,False
wep2,438,1,8,-54,-19,40,408,48,16,False,False
wep2,439,1,8,-60,-22,40,408,48,16,False,False
wep2,440,1,0,-35,-31,0,408,48,16,False,False
wep2,441,1,0,-39,-34,0,408,48,16,False,False
wep2,442,1,0,-39,-34,0,408,48,16,False,False
wep2,443,1,0,-29,-20,0,408,32,16,False,True
wep2,444,1,0,-32,-15,0,408,32,16,False,True
wep2,445,1,0,-35,-11,0,408,32,16,False,True
wep2,446,1,0,-17,-39,32,304,24,16,False,False
wep2,447,1,0,-2,-34,32,304,24,16,False,False
wep2,448,1,0,4,-34,32,304,24,16,False,False
wep2,449,1,0,-23,-18,32,304,24,16,False,False
wep2,450,1,0,-23,-35,32,304,24,16,False,False
wep2,451,2,0,-34,-41,32,304,24,16,False,False,-31,-36,56,336,24,16,False,False
wep2,452,3,0,-36,-43,32,304,24,16,False,False,-33,-38,56,336,24,16,False,False,-26,-33,32,320,24,16,False,False
wep2,453,3,0,-46,-51,32,304,24,16,False,False,-38,-43,32,320,24,16,False,False,-28,-33,32,320,24,16,False,False
wep2,454,1,0,-25,-23,32,304,24,16,False,False
wep2,455,3,0,-43,-46,32,304,24,16,False,False,-38,-41,32,320,24,16,False,False,-32,-34,56,336,24,16,False,False
wep2,456,2,0,-32,-35,32,304,24,16,False,False,-29,-31,56,336,24,16,False,False
wep2,457,2,0,-33,-11,32,304,24,16,False,False,-30,-14,80,336,24,16,False,False
wep2,458,3,0,-47,-7,32,304,24,16,False,False,-43,-8,80,336,24,16,False,False,-32,-14,32,336,24,16,False,False
wep2,459,3,0,-47,-7,32,304,24,16,False,False,-42,-9,32,336,24,16,False,False,-32,-14,32,336,24,16,False,False
wep2,460,1,0,-25,-18,32,304,24,16,False,False
wep2,461,3,0,-43,-9,32,304,24,16,False,False,-38,-11,32,336,24,16,False,False,-30,-14,80,336,24,16,False,False
wep2,462,2,0,-32,-12,32,304,24,16,False,False,-30,-14,80,336,24,16,False,False
wep2,463,2,0,-30,-3,32,304,24,16,False,False,-29,-7,104,336,24,16,False,False
wep2,464,3,0,-37,11,32,304,24,16,False,False,-36,7,104,336,24,16,False,False,-26,-6,32,352,24,24,False,False
wep2,465,3,0,-34,13,32,304,24,16,False,False,-31,4,32,352,24,24,False,False,-26,-6,32,352,24,24,False,False
wep2,466,3,0,-34,13,32,304,24,16,False,False,-31,4,32,352,24,24,False,False,-26,-6,32,352,24,24,False,False
wep2,467,3,0,-35,7,32,304,24,16,False,False,-32,-2,32,352,24,24,False,False,-29,-5,104,336,24,16,False,False
wep2,468,2,0,-29,-3,32,304,24,16,False,False,-29,-5,104,336,24,16,False,False
wep2,469,1,0,-8,-36,32,304,24,16,True,False
wep2,470,1,0,-5,-35,32,304,24,16,True,False
wep2,471,1,0,1,-32,32,304,24,16,True,False
wep2,472,1,0,-25,-36,32,304,24,16,True,False
wep2,473,2,0,-25,-39,104,336,24,16,True,False,-36,-42,32,304,24,16,True,False
wep2,474,3,0,-26,-39,104,336,24,16,True,False,-37,-54,32,352,24,24,True,False,-44,-56,32,304,24,16,True,False
wep2,475,3,0,-28,-47,32,352,24,24,True,False,-34,-59,32,352,24,24,True,False,-41,-61,32,304,24,16,True,False
wep2,476,1,0,-19,-26,32,304,24,16,True,False
wep2,477,3,0,-27,-46,32,352,24,24,True,False,-30,-48,104,336,24,16,True,False,-41,-51,32,304,24,16,True,False
wep2,478,2,0,-23,-39,104,336,24,16,True,False,-34,-42,32,304,24,16,True,False
wep2,479,2,0,-26,-19,80,336,24,16,True,False,-37,-22,32,304,24,16,True,False
wep2,480,3,0,-26,-19,80,336,24,16,True,False,-37,-25,32,336,24,16,True,False,-48,-29,32,304,24,16,True,False
wep2,481,3,0,-26,-21,32,336,24,16,True,False,-40,-28,32,336,24,16,True,False,-51,-32,32,304,24,16,True,False
wep2,482,1,0,-27,-23,32,304,24,16,True,False
wep2,483,3,0,-26,-24,32,336,24,16,True,False,-34,-28,80,336,24,16,True,False,-44,-31,32,304,24,16,True,False
wep2,484,2,0,-24,-22,80,336,24,16,True,False,-35,-25,32,304,24,16,True,False
wep2,485,2,0,-25,-11,56,336,24,16,True,False,-35,-7,32,304,24,16,True,False
wep2,486,2,0,-26,-10,56,336,24,16,True,False,-37,-5,32,304,24,16,True,False
wep2,487,2,0,-30,-7,32,320,24,16,False,True,-38,-3,32,304,24,16,True,False
wep2,488,1,0,-27,-20,32,304,24,16,True,False
wep2,489,2,0,-26,-10,56,336,24,16,True,False,-37,-5,32,304,24,16,True,False
wep2,490,1,0,-25,-12,32,304,24,16,True,False
wep2,491,1,0,-16,-38,152,336,16,16,False,False
wep2,492,1,0,-1,-33,152,352,16,16,True,False
wep2,493,1,0,5,-30,184,352,16,16,True,False
wep2,494,1,0,-22,-16,168,336,16,16,False,False
wep2,495,1,0,-23,-35,152,336,16,16,False,False
wep2,496,2,0,-30,-41,152,336,16,16,False,False,-31,-39,128,336,24,16,False,False
wep2,497,2,0,-31,-42,152,336,16,16,False,False,-30,-38,128,336,24,16,False,False
wep2,498,2,0,-35,-46,152,336,16,16,False,False,-30,-38,128,336,24,16,False,False
wep2,499,1,0,-24,-27,152,336,16,16,False,False
wep2,500,2,0,-33,-44,152,336,16,16,False,False,-30,-38,128,336,24,16,False,False
wep2,501,2,0,-31,-42,152,336,16,16,False,False,-30,-38,128,336,24,16,False,False
wep2,502,2,0,-31,-11,168,336,16,16,False,False,-30,-12,128,352,24,16,False,False
wep2,503,2,0,-33,-10,168,336,16,16,False,False,-30,-12,128,352,24,16,False,False
wep2,504,2,0,-37,-8,168,336,16,16,False,False,-30,-12,128,352,24,16,False,False
wep2,505,1,0,-27,-15,168,336,16,16,False,False
wep2,506,2,0,-33,-10,168,336,16,16,False,False,-30,-12,128,352,24,16,False,False
wep2,507,2,0,-31,-11,168,336,16,16,False,False,-30,-12,128,352,24,16,False,False
wep2,508,2,0,-25,0,184,336,16,16,False,False,-22,-6,64,480,16,24,False,False
wep2,509,2,0,-27,7,184,336,16,16,False,False,-23,-4,64,480,16,24,False,False
wep2,510,2,0,-28,9,184,336,16,16,False,False,-23,-4,64,480,16,24,False,False
wep2,511,2,0,-29,11,184,336,16,16,False,False,-23,-4,64,480,16,24,False,False
wep2,512,2,0,-27,7,184,336,16,16,False,False,-23,-4,64,480,16,24,False,False
wep2,513,2,0,-25,0,184,336,16,16,False,False,-22,-6,64,480,16,24,False,False
wep2,514,1,0,-3,-39,184,336,16,16,True,True
wep2,515,1,0,3,-37,152,336,16,16,True,False
wep2,516,1,0,8,-27,184,336,16,16,True,False
wep2,517,1,0,-21,-38,152,352,16,16,False,False
wep2,518,2,0,-23,-45,152,352,16,16,False,False,-22,-47,64,480,16,24,False,True
wep2,519,2,0,-25,-49,152,352,16,16,False,False,-23,-49,64,480,16,24,False,True
wep2,520,2,0,-27,-53,152,352,16,16,False,False,-23,-49,64,480,16,24,False,True
wep2,521,1,0,-15,-26,152,352,16,16,False,False
wep2,522,2,0,-26,-51,152,352,16,16,False,False,-23,-49,64,480,16,24,False,True
wep2,523,2,0,-23,-49,152,352,16,16,False,False,-21,-49,64,480,16,24,False,True
wep2,524,2,0,-26,-26,168,352,16,16,False,False,-27,-24,128,352,24,16,False,True
wep2,525,2,0,-30,-28,168,352,16,16,False,False,-27,-24,128,352,24,16,False,True
wep2,526,2,0,-32,-29,168,352,16,16,False,False,-27,-24,128,352,24,16,False,True
wep2,527,1,0,-25,-23,168,352,16,16,False,False
wep2,528,2,0,-30,-28,168,352,16,16,False,False,-27,-24,128,352,24,16,False,True
wep2,529,2,0,-26,-26,168,352,16,16,False,False,-27,-24,128,352,24,16,False,True
wep2,530,2,0,-25,-6,184,352,16,16,False,False,-27,-8,128,336,24,16,False,True
wep2,531,2,0,-27,-4,184,352,16,16,False,False,-27,-8,128,336,24,16,False,True
wep2,532,2,0,-28,-3,184,352,16,16,False,False,-27,-8,128,336,24,16,False,True
wep2,533,2,0,-28,-3,184,352,16,16,False,False,-27,-8,128,336,24,16,False,True
wep2,534,2,0,-27,-4,184,352,16,16,False,False,-27,-8,128,336,24,16,False,True
wep2,535,2,0,-25,-6,184,352,16,16,False,False,-27,-8,128,336,24,16,False,True
wep2,536,1,0,-14,-39,80,408,16,24,False,False
wep2,537,1,0,-19,-30,96,408,16,24,False,False
wep2,538,1,0,-20,-13,112,408,16,24,False,False
wep2,539,1,0,-12,-39,80,432,16,24,False,False
wep2,540,1,0,-17,-33,96,432,16,24,False,False
wep2,541,1,0,-21,-22,112,432,16,24,False,False
wep2,542,1,0,-8,-8,32,376,16,16,False,False
wep2,543,1,0,-8,-8,16,392,16,16,False,False
wep2,544,1,0,-8,-8,32,392,16,16,False,False
wep2,545,1,0,-8,-8,0,392,16,16,False,False
wep2,546,1,0,-11,-4,176,272,24,8,False,False
wep2,547,1,0,-11,-4,152,376,24,8,False,False
wep2,548,1,0,-8,-8,0,328,16,16,False,False
wep2,549,1,0,-12,-8,200,256,24,16,False,False
wep2,550,1,0,-12,-12,128,408,24,24,False,False
wep2,551,1,0,-12,-8,128,304,24,16,False,False
wep2,552,2,12,-8,-13,32,256,16,24,False,False,-8,-8,144,264,16,16,False,False
wep2,553,1,0,-8,-8,104,368,24,16,True,True
wep2,554,1,12,-16,-12,0,480,32,24,False,False
wep2,555,1,0,-8,-8,64,392,16,16,False,False
wep2,556,1,0,-16,-8,40,408,48,16,False,False
wep2,557,1,0,-8,-8,32,304,16,16,False,False
wep2,558,2,0,-8,-8,168,336,16,16,False,False,-7,-9,128,352,24,16,False,False
wep2,559,1,0,-12,-12,80,352,24,24,False,False
wep2,560,1,0,-8,-16,0,256,16,24,False,False
wep2,561,1,0,-18,-31,0,256,16,24,False,False
wep2,562,1,0,-19,-33,0,256,16,24,False,False
wep2,563,1,0,-20,-34,0,256,16,24,False,False
wep2,564,1,0,-19,-31,0,280,16,24,False,False
wep2,565,1,0,-19,-30,0,280,16,24,False,False
wep2,566,1,0,-19,-30,0,280,16,24,False,False
wep2,567,1,0,-18,-30,0,304,16,24,False,False
wep2,568,1,0,-14,-31,16,256,16,24,False,False
wep2,569,1,0,-15,-32,16,256,16,24,False,False
wep2,570,1,0,-16,-33,16,256,16,24,False,False
wep2,571,1,0,-17,-33,16,280,16,24,False,False
wep2,572,1,0,-17,-32,16,280,16,24,False,False
wep2,573,1,0,-17,-32,16,280,16,24,False,False
wep2,574,1,0,-17,-32,16,304,16,24,False,False