label,animation_id,frame_id,delay
type1,0,0,0
type1,1,3,0
type1,2,2,0
type1,3,1,0
type1,4,8,0
type1,5,7,0
type1,6,11,6,10,8,9,10,10,8,11,6,12,8,13,10,12,8
type1,7,16,6,15,8,14,10,15,8,16,6,17,8,18,10,17,8
type1,8,11,2,10,4,9,6,10,4,11,2,12,4,13,6,12,4
type1,9,16,2,15,4,14,6,15,4,16,2,17,4,18,6,17,4
type1,10,11,10,10,12,9,14,10,12,11,10,12,12,13,14,12,12
type1,11,16,10,15,12,14,14,15,12,16,10,17,12,18,14,17,12
type1,12
type1,13
type1,14
type1,15
type1,16
type1,17
type1,18,70,6
type1,19,71,6
type1,20,70,2
type1,21,71,2
type1,22,70,10
type1,23,71,10
type1,24,10,4,9,4,10,4,11,2,12,4,13,4,12,4,11,2
type1,25,15,4,14,4,15,4,16,2,17,4,18,4,17,4,16,2
type1,26,10,2,9,2,10,2,11,2,12,2,13,2,12,2,11,2
type1,27,15,2,14,2,15,2,16,2,17,2,18,2,17,2,16,2
type1,28,10,8,9,8,10,8,11,4,12,8,13,8,12,8,11,4
type1,29,15,8,14,8,15,8,16,4,17,8,18,8,17,8,16,4
type1,30
type1,31
type1,32
type1,33
type1,34
type1,35
type1,36,10,4,9,4,10,4,11,2,12,4,13,4,12,4,11,2
type1,37,15,4,14,4,15,4,16,2,17,4,18,4,17,4,16,2
type1,38,10,2,9,2,10,2,11,2,12,2,13,2,12,2,11,2
type1,39,15,2,14,2,15,2,16,2,17,2,18,2,17,2,16,2
type1,40,10,8,9,8,10,8,11,4,12,8,13,8,12,8,11,4
type1,41,15,8,14,8,15,8,16,4,17,8,18,8,17,8,16,4
type1,42,2,4,1,4,8,4,7,4,6,4,5,4,4,4,3,4
type1,43,8,4,7,4,6,4,5,4,4,4,3,4,2,4,1,4
type1,44,21,0
type1,45,22,0
type1,46,25,0
type1,47,26,0
type1,48
type1,49
type1,50
type1,51
type1,52,23,0
type1,53,24,0
type1,54,28,0
type1,55,30,0
type1,56,11,6,27,6
type1,57,16,6,29,6
type1,58,11,6,27,6,28,4,27,4
type1,59,16,6,29,6,30,4,29,4
type1,60,2,4,19,4,21,8,19,2,27,4
type1,61,8,4,20,4,22,8,20,2,29,4
type1,62,31,0
type1,63,33,0
type1,64,27,2,21,10,19,6
type1,65,29,2,22,10,20,6
type1,66,19,0
type1,67,20,0
type1,68,19,2
type1,69,20,2
type1,70,13,0
type1,71,18,0
type1,72,72,0
type1,73,73,0
type1,74,11,6
type1,75,16,6
type1,76
type1,77
type1,78
type1,79
type1,80,35,20,36,20
type1,81,37,20,38,20
type1,82,11,4,1,4,8,4,7,4,6,4,5,4,4,4,3,4,11,4,3,4,4,4,5,4,6,4,7,4,8,4,1,4,11,4
type1,83,16,4,7,4,6,4,5,4,4,4,3,4,2,4,1,4,16,4,1,4,2,4,3,4,4,4,5,4,6,4,7,4,16,4
type1,84,55,4,56,4,57,0
type1,85,62,4,63,4,64,0
type1,86,58,8,57,8
type1,87,64,8,64,8
type1,88,56,2,19,8,11,4,27,4,28,4,27,4
type1,89,63,2,20,8,16,4,29,4,30,4,29,4
type1,90
type1,91
type1,92
type1,93
type1,94
type1,95
type1,96,9,0
type1,97,14,0
type1,98,13,0
type1,99,18,0
type1,100,76,6,75,8,74,10,75,8,76,6,77,8,78,10,77,8
type1,101,81,6,80,8,79,10,80,8,81,6,82,8,83,10,82,8
type1,102,11,2,19,4,2,0,21,8,2,224,28,8
type1,103,16,2,20,4,2,0,22,8,4,220,30,8
type1,104,19,4
type1,105,20,4
type1,106,19,6,11,0
type1,107,20,6,16,0
type1,108
type1,109
type1,110
type1,111
type1,112,3,16,68,2
type1,113,3,16,69,2
type1,114
type1,115
type1,116
type1,117
type1,118,0,0
type1,119,0,0
type1,120,27,4
type1,121,29,4
type1,122,92,4,94,2,1,255,209,96,14,96,2,255,214,254,95,2
type1,123,141,4,143,2,1,255,209,145,14,145,2,255,214,254,144,2
type1,124,92,4,98,2,1,99,14,99,2,255,214,254,98,2,97,4
type1,125,141,4,147,2,1,148,14,148,2,255,214,254,147,2,146,4
type1,126,92,4,1,102,14,102,2,255,214,254,101,2,97,4
type1,127,141,4,1,151,14,151,2,255,214,254,150,2,146,4
type1,128,1,0,86,4,85,8,0,255,209,86,2,87,2,255,222,255,212,1,88,2,88,4
type1,129,1,1,135,4,134,8,0,255,209,135,2,136,2,255,222,255,212,1,137,2,137,4
type1,130,1,2,86,4,85,8,0,87,2,255,209,89,2,255,222,255,212,1,90,14,90,2,89,2
type1,131,1,3,135,4,134,8,0,136,2,255,209,138,2,255,222,255,212,1,139,14,139,2,138,2
type1,132,1,4,86,4,85,8,0,87,2,255,209,89,2,255,210,90,2,255,222,255,212,1,91,14,91,2,89,2
type1,133,11,135,4,255,205,133,2,134,8,255,211,254,1,140,14,140,2,255,214,254,139,4,138,2
type1,134,1,28,86,4,85,8,0,255,209,86,2,87,2,255,217,0,0,255,209,88,8,255
type1,135,1,29,135,4,134,8,0,255,209,135,2,136,2,255,217,0,0,255,209,137,8,255,255,88
type1,136,88,0
type1,137,137,0
type1,138,1,32,88,4
type1,139,1,33,137,4
type1,140,1,34,86,4,85,8,0,87,2,255,209,89,2,255,217,0,0,90,8,255
type1,141,1,35,135,4,134,8,0,136,2,255,209,138,2,255,217,0,0,139,8,255,255,90
type1,142,90,0
type1,143,139,0
type1,144,1,38,90,4,89,4
type1,145,1,39,139,4,138,4
type1,146,1,40,86,4,85,8,0,87,2,255,209,89,2,255,210,90,2,255,217,0,0,91,8,255
type1,147,1,41,135,4,134,8,0,136,2,255,209,138,2,255,210,139,2,255,217,0,0,140,8,255,255,91
type1,148,91,0
type1,149,140,0
type1,150,1,44,90,4,89,4
type1,151,1,45,139,4,138,4
type1,152,85,8,0,255,242,2,24,255,238,0,87,2,90,4,89,2
type1,153,134,8,0,255,242,2,25,255,238,0,136,2,139,4,138,2
type1,154,1,22,103,4,105,2,1,106,14,106,2,255,214,254,105,4
type1,155,1,23,152,4,154,2,1,155,14,155,2,255,214,254,154,4
type1,156,1,24,103,4,107,2,1,108,14,108,2,255,214,254,107,4
type1,157,1,25,152,4,156,2,1,157,14,157,2,255,214,254,156,4
type1,158,1,26,103,4,1,111,14,111,2,255,214,254,110,4,109,2
type1,159,1,27,152,4,1,160,14,160,2,255,214,254,159,4,158,2
type1,160,1,6,112,4,0,113,10,255,209,112,2,114,2,255,209,115,2,115,4,255,222,255,212,1,115,14,115,2,117,4
type1,161,1,7,161,4,0,162,10,255,209,161,2,163,2,255,209,164,2,164,4,255,222,255,212,1,164,14,164,2,166,4
type1,162,1,8,112,4,0,113,10,112,2,117,2,255,209,117,2,116,4,255,222,255,212,1,116,14,116,2
type1,163,1,9,161,4,0,162,10,161,2,166,2,255,209,166,2,165,4,255,222,255,212,1,165,14,165,2
type1,164,1,10,112,4,0,113,10,114,2,255,209,117,2,255,210,116,2,255,222,255,212,1,118,14,118,2,114,2
type1,165,1,11,161,4,0,162,10,163,2,255,209,166,2,255,210,165,2,255,222,255,212,1,167,14,167,2,163,2
type1,166,1,12,120,2,0,0,121,18,121,2
type1,167,1,13,169,2,0,0,170,18,170,2
type1,168,1,14,121,2,0,0,123,18,123,2,124,4
type1,169,1,15,170,2,0,0,172,18,172,2,173,4
type1,170,1,16,123,2,0,0,124,18,124,2,124,4
type1,171,1,17,172,2,0,0,173,18,173,2,173,4
type1,172,1,20,126,6,127,6,128,8,129,8,128,8,129,8,128,8,129,8,128,8,129,8,128,8,129,8,1,128,14,128,2,255,214,254
type1,173,1,21,175,6,176,6,177,8,178,8,177,8,178,8,177,8,178,8,177,8,178,8,177,8,178,8,1,177,14,177,2,255,214,254
type1,174,1,18,124,8,122,8,105,10,122,8,124,8,104,10,124,8,122,8,105,10,1,122,8,124,6,124,2,255,214,254
type1,175,1,19,173,8,171,8,154,10,171,8,173,8,153,10,173,8,171,8,154,10,1,171,8,173,6,173,2,255,214,254
type1,176,1,46
type1,177,1,47
type1,178,1,48
type1,179,1,49
type1,180,1,50
type1,181,1,51
type1,182,1,52,86,4
type1,183,1,53,135,4
type1,184,1,54,86,4
type1,185,1,55,135,4
type1,186,1,56,90,2,89,2,86,4
type1,187,1,57,139,2,138,2,135,4
type1,188,94,2
type1,189,143,2
type1,190,94,2
type1,191,143,2
type1,192,100,4,94,2
type1,193,149,4,143,2
type1,194,1,58,104,8
type1,195,1,59,153,8
type1,196,1,60,104,8
type1,197,1,61,153,8
type1,198,1,62,109,2,104,8
type1,199,1,63,158,2,153,8
type1,200,97,8,97,8
type1,201,146,8,146,8
type1,202,11,6,27,6,28,0
type1,203,16,6,29,6,30,0
type1,204,11,4,19,6,55,4,56,4,58,0
type1,205,16,4,20,6,65,4,66,4,67,0
type1,206,92,4,98,2,238,4,99,4,98,4,97,4
type1,207,141,4,147,2,238,4,148,4,147,4,146,4
type1,208,92,4,93,6,98,2,97,2,236,4,97,8
type1,209,141,4,142,6,147,2,146,2,236,4,146,8
type1,210,19,6,55,4,56,4,56,4,55,6
type1,211,20,6,65,4,66,4,66,4,65,6
type1,212,2,6,100,2,3,8,100,2
type1,213,2,6,149,2,3,8,149,2
type1,214,1,66,125,6,126,6,127,6,128,8,129,8,128,8,129,8,128,8,129,8,128,8,129,8,128,22,128,2
type1,215,11,174,6,175,6,176,6,177,8,178,8,177,8,178,8,177,8,178,8,177,8,178,8,177,22,177,2,255,214,254
type1,216,128,8,129,8
type1,217,177,8,178,8
type1,218,2,6,19,8,21,0
type1,219,8,6,20,8,22,0
type1,220,1,2,86,4,85,8,0,87,2,255,209,89,2,255,222,255,212,1,90,14,90,2,89,2
type1,221,1,3,135,4,134,8,0,136,2,255,209,138,2,255,222,255,212,1,139,14,139,2,138,2
type1,222,27,4,1,2,8,2,7,2,6,2,5,2,4,2,3,2,11,2,3,2,4,2,5,2,6,2,7,2,8,2,1,2,11,2
type1,223,29,4,1,2,2,2,3,2,4,2,5,2,6,2,7,2,16,2,7,2,6,2,5,2,4,2,3,2,2,2,1,2,16,2
type1,224
type1,225
type1,226,19,6
type1,227,20,6
type1,228,21,20,90,6,88,6,125,8,35,16,36,16
type1,229,22,20,139,6,138,6,65,8,37,16,38,16
type1,230,11,4,1,86,28,0
type1,231,16,4,1,87,30,0
type1,232,56,2,19,8,11,4,27,4
type1,233,63,2,20,8,16,4,29,4
type1,234,2,4,19,4,21,8,19,2,27,4,10,8,31,2
type1,235,8,4,20,4,22,8,20,2,29,4,10,8,33,2
type1,236,2,4,19,4,21,8,19,2,27,4,6,1,92,2,28,255,193,11,8,102,2,255,192,254,21,4,1,255,193,14,10,89,2,86,2,255,192,254,19,2
type1,237,8,4,20,4,22,8,20,2,29,4,6,1,141,2,28,255,193,11,8,151,2,255,192,254,22,4,1,255,193,14,10,138,2,135,2,255,192,254,20,6
type1,238,1,88,86,4,85,8,86,2,87,2,1,255,209,88,6,88,2,255,214,254
type1,239,1,89,135,4,134,8,135,2,136,2,1,255,209,137,6,137,2,255,214,254
type1,240,1,90,86,4,85,8,1,90,6,90,2,255,214,254,90,2,90,4,89,4
type1,241,1,91,135,4,134,8,1,139,6,139,2,255,214,254,139,2,139,4,138,4
type1,242,1,92,86,4,85,8,1,91,6,91,2,255,214,254,91,2,90,4,89,4
type1,243,1,93,135,4,134,8,1,140,6,140,2,255,214,254,140,2,139,4,138,4
type1,244
type1,245
type1,246
type1,247
type1,248
type1,249
type1,250,2,2,1,2,8,2,7,2,6,2,5,2,4,2,3,2,92,4,98,2,1,99,14,99,2,255,214,254,98,2,97,4
type1,251,8,2,7,2,6,2,5,2,4,2,3,2,2,2,1,2,141,4,147,2,1,148,14,148,2,255,214,254,147,2,146,4