label,animation_id,frame_id,delay
arute,0,0,0
arute,1
arute,2,1,0
arute,3
arute,4
arute,5,10,0
arute,6,2,6,2,4,1,6,1,6,1,8,2,8,2,6,3,6,3,8,2,6
arute,7,11,6,11,4,10,6,10,6,10,8,11,8,11,6,12,6,12,8,11,6
arute,8,2,4,2,2,1,2,1,2,1,4,2,4,2,4,3,4,3,2,2,4
arute,9,11,4,11,2,10,2,10,2,10,4,11,4,11,4,12,4,12,2,11,4
arute,10,2,10,2,8,1,10,1,10,1,12,2,12,2,10,3,10,3,12,2,10
arute,11,11,10,11,8,10,10,10,10,10,12,11,12,11,10,12,10,12,12,11,10
arute,12
arute,13
arute,14
arute,15
arute,16
arute,17
arute,18
arute,19
arute,20
arute,21
arute,22
arute,23
arute,24,2,6,2,4,1,6,1,6,1,8,2,8,2,6,3,6,3,8,2,6
arute,25,11,6,11,4,10,6,10,6,10,8,11,8,11,6,12,6,12,8,11,6
arute,26,2,4,2,2,1,2,1,2,1,4,2,4,2,4,3,4,3,2,2,4
arute,27,11,4,11,2,10,2,10,2,10,4,11,4,11,4,12,4,12,2,11,4
arute,28,2,10,2,8,1,10,1,10,1,12,2,12,2,10,3,10,3,12,2,10
arute,29,11,10,11,8,10,10,10,10,10,12,11,12,11,10,12,10,12,12,11,10
arute,30
arute,31
arute,32
arute,33
arute,34
arute,35
arute,36
arute,37
arute,38
arute,39
arute,40
arute,41
arute,42,2,4,4,4,6,4,3,4
arute,43,4,4,6,4,3,4,2,4
arute,44,1,0
arute,45,10,0
arute,46,5,0
arute,47,14,0
arute,48,9,2,9,2,5,2,5,16,5,2,5,2,9,2
arute,49,18,2,18,2,14,2,14,16,14,2,14,2,18,2
arute,50,6,2,6,2
arute,51,15,2,15,2
arute,52,6,0
arute,53,15,0
arute,54,4,0
arute,55,13,0
arute,56,1,8,2,4,3,4,4,6,4,10,2,6
arute,57,10,8,11,4,12,4,13,6,13,10,11,6
arute,58
arute,59
arute,60,1,6,2,8,3,4,2,4,1,0
arute,61,10,6,11,8,12,4,11,4,10,0
arute,62
arute,63
arute,64,1,2,2,4,3,2,1,6
arute,65,10,2,11,4,12,2,10,6
arute,66,7,0
arute,67,16,0
arute,68,7,2,7,2
arute,69,16,2,16,2
arute,70,3,0
arute,71,12,0
arute,72,6,0
arute,73,15,0
arute,74,1,0
arute,75,10,0
arute,76
arute,77
arute,78
arute,79
arute,80
arute,81
arute,82
arute,83
arute,84,1,4,2,4,3,4,7,6,7,2,7,2,7,0
arute,85,10,4,11,4,12,4,16,6,16,2,16,2,16,0
arute,86,7,2,7,2
arute,87,16,2,16,2
arute,88,7,4,7,6,7,8,9,2,9,4,9,2
arute,89,16,4,16,6,16,8,18,2,18,4,18,2
arute,90
arute,91
arute,92
arute,93
arute,94
arute,95
arute,96,3,0
arute,97,12,0
arute,98,3,0
arute,99,12,0
arute,100
arute,101
arute,102,1,4,2,4,3,20,1,6,2,6,4,4,4,8,4,2,3,4,2,2,1,2
arute,103,10,4,11,4,12,20,10,6,11,6,13,4,13,8,13,2,12,4,11,2,10,2
arute,104,6,0
arute,105,15,0
arute,106,6,16,7,0
arute,107,15,16,16,0
arute,108,6,0
arute,109,15,0
arute,110
arute,111
arute,112,6,2,6,2
arute,113,15,2,15,2
arute,114,4,0
arute,115,13,0
arute,116
arute,117
arute,118,0,0
arute,119,0,0
arute,120,1,8,2,6,3,6,4,4,4,4,4,2,4,4,4,4,3,6,2,6
arute,121,10,8,11,6,12,6,13,4,13,4,13,2,13,4,13,4,12,6,11,6
arute,122,21,2,22,2,23,2,24,4,25,4,26,4,27,2,28,2,21,2,22,2,23,2,24,2,29,2,30,2,30,2,30,20,30,2,31,2,32,2,33,2,34,2,34,2,34,24,35,4
arute,123,36,2,37,2,38,2,39,4,40,4,41,4,42,2,43,2,36,2,37,2,38,2,39,2,44,2,45,2,45,2,45,20,45,2,46,2,47,2,48,2,49,2,49,2,49,24,50,4
arute,124,21,2,22,2,23,2,24,4,25,4,26,4,27,2,28,2,21,2,22,2,23,2,24,2,29,2,30,2,30,2,30,20,30,2,31,2,32,2,33,2,34,2,34,2,34,24,35,4
arute,125,36,2,37,2,38,2,39,4,40,4,41,4,42,2,43,2,36,2,37,2,38,2,39,2,44,2,45,2,45,2,45,20,45,2,46,2,47,2,48,2,49,2,49,2,49,24,50,4
arute,126,21,2,22,2,23,2,24,4,25,4,26,4,27,2,28,2,21,2,22,2,23,2,24,2,29,2,30,2,30,2,30,20,30,2,31,2,32,2,33,2,34,2,34,2,34,24,35,4
arute,127,36,2,37,2,38,2,39,4,40,4,41,4,42,2,43,2,36,2,37,2,38,2,39,2,44,2,45,2,45,2,45,20,45,2,46,2,47,2,48,2,49,2,49,2,49,24,50,4
arute,128
arute,129
arute,130
arute,131
arute,132
arute,133
arute,134
arute,135
arute,136,21,2,22,2,23,2,24,4,25,4,26,4,27,2,28,2,21,2,22,2,23,2,24,2,29,2,30,2,30,2,30,20,30,2,31,2,32,2,33,2,34,2,34,2,34,24,35,4
arute,137,36,2,37,2,38,2,39,4,40,4,41,4,42,2,43,2,36,2,37,2,38,2,39,2,44,2,45,2,45,2,45,20,45,2,46,2,47,2,48,2,49,2,49,2,49,24,50,4