label,animation_id,frame_id,delay
mon,0,0,0
mon,1
mon,2,2,0
mon,3
mon,4
mon,5,4,0
mon,6,2,6,8,8,1,10,8,8,2,6,9,8,5,10,9,8
mon,7,4,6,10,8,7,10,10,8,4,6,11,8,24,10,11,8
mon,8,2,2,8,4,1,6,8,4,2,2,9,4,5,6,9,4
mon,9,4,2,10,4,7,6,10,4,4,2,11,4,24,6,11,4
mon,10,2,10,8,12,1,14,8,12,2,10,9,12,5,14,9,12
mon,11,4,10,10,12,7,14,10,12,4,10,11,12,24,14,11,12
mon,12,2,6,2,8,8,10,8,8,2,6,2,8,9,10,9,8
mon,13,4,6,4,8,10,10,10,8,4,6,4,8,11,10,11,8
mon,14,2,2,2,4,8,6,8,4,2,2,2,4,9,6,9,4
mon,15,4,2,4,4,10,6,10,4,4,2,4,4,11,6,11,4
mon,16,2,10,2,12,8,14,8,12,2,10,2,12,9,14,9,12
mon,17,4,10,4,12,10,14,10,12,4,10,4,12,11,14,11,12
mon,18
mon,19
mon,20
mon,21
mon,22
mon,23
mon,24,8,4,1,4,8,4,2,2,9,4,5,4,9,4,2,2
mon,25,10,4,7,4,10,4,4,2,11,4,24,4,11,4,4,2
mon,26,8,2,1,2,8,2,2,2,9,2,5,2,9,2,2,2
mon,27,10,2,7,2,10,2,4,2,11,2,24,2,11,2,4,2
mon,28,8,8,1,8,8,8,2,4,9,8,5,8,9,8,2,4
mon,29,10,8,7,8,10,8,4,4,11,8,24,8,11,8,4,4
mon,30,8,4,8,4,2,4,2,2,9,4,9,4,2,4,2,2
mon,31,10,4,10,4,4,4,4,2,11,4,11,4,4,4,4,2
mon,32,8,2,8,2,2,2,2,2,9,2,9,2,2,2,2,2
mon,33,10,2,10,2,4,2,4,2,11,2,11,2,4,2,4,2
mon,34,8,8,8,8,2,8,2,4,9,8,9,8,2,8,2,4
mon,35,10,8,10,8,4,8,4,4,11,8,11,8,4,8,4,4
mon,36,12,2,12,2,5,4,5,6,12,4,12,2,12,2,1,2,1,2,1,2
mon,37,18,2,18,2,24,4,24,6,18,4,18,2,18,2,7,2,7,2,7,2
mon,38,12,2,12,2,5,2,5,2,12,2,12,2,12,2,1,2,1,2,1,2
mon,39,18,2,18,2,24,2,24,2,18,2,18,2,18,2,7,2,7,2,7,2
mon,40,12,6,12,6,5,10,5,12,12,10,12,8,12,6,1,6,1,8,1,12
mon,41,18,6,18,6,24,10,24,12,18,10,18,8,18,6,7,6,7,8,7,12
mon,42,2,4,4,4,6,4,3,4
mon,43,4,4,6,4,3,4,2,4
mon,44,15,0
mon,45,21,0
mon,46,14,0
mon,47,20,0
mon,48,15,2,15,2,14,2,14,16,14,2,14,2,15,2
mon,49,21,2,21,2,20,2,20,16,20,2,20,2,21,2
mon,50,17,2,17,2
mon,51,23,2,23,2
mon,52,26,0
mon,53,28,0
mon,54,16,0
mon,55,22,0
mon,56,2,10,2,4,16,4,16,12
mon,57,4,4,4,4,22,4,22,12
mon,58
mon,59
mon,60,2,10,15,6,15,4,12,0
mon,61,4,10,21,6,21,4,18,0
mon,62,12,0
mon,63,18,0
mon,64,1,2,15,4
mon,65,7,2,21,4
mon,66,15,0
mon,67,21,0
mon,68,15,2,15,2
mon,69,21,2,21,2
mon,70,8,0
mon,71,10,0
mon,72,25,0
mon,73,27,0
mon,74,17,0
mon,75,23,0
mon,76
mon,77
mon,78
mon,79
mon,80
mon,81
mon,82
mon,83
mon,84,16,8,15,0
mon,85,22,8,21,0
mon,86,15,2,15,2
mon,87,21,2,21,2
mon,88,15,8,14,6,14,6,14,6,16,6,15,0
mon,89,21,8,20,6,20,6,20,6,22,6,21,0
mon,90
mon,91
mon,92
mon,93
mon,94
mon,95
mon,96,1,0
mon,97,7,0
mon,98,5,0
mon,99,24,0
mon,100
mon,101
mon,102,2,8,15,8,2,8,16,8,2,4,2,6
mon,103,4,8,21,8,4,8,22,8,4,4,4,6
mon,104,25,4,26,2,26,2,26,2,26,2,26,2,26,2,26,2,26,2,26,2,26,2,26,2,26,0
mon,105,27,4,28,2,28,2,28,2,28,2,28,2,28,2,28,2,28,2,28,2,28,2,28,2,28,0
mon,106,26,16,14,8,15,6,2,4
mon,107,28,16,20,8,21,6,4,4
mon,108,23,0
mon,109,24,0
mon,110
mon,111
mon,112,17,2,17,2
mon,113,23,2,23,2
mon,114,16,0
mon,115,22,0
mon,116
mon,117
mon,118,0,0
mon,119,0,0
mon,120,15,2,15,2,29,2,15,2,15,2
mon,121,21,2,21,2,36,2,21,2,21,2
mon,122,2,2,15,10,12,2,12,2,29,2,29,2,30,2,30,8,31,2,32,2,33,2,33,2,33,2,32,2,32,2,15,2,15,2,2,2,2,2
mon,123,4,2,21,10,18,2,18,2,36,2,36,2,37,2,37,8,38,2,39,2,40,2,40,2,40,2,39,2,39,2,21,2,21,2,4,2,4,2
mon,124,29,6,30,18,31,2,32,2,33,6,32,6,2,2
mon,125,36,6,37,18,38,2,39,2,40,6,39,6,4,2
mon,126,29,6,30,18,31,2,34,2,35,6,34,6,2,2
mon,127,36,6,37,18,38,2,41,2,42,6,41,6,4,2
mon,128,29,6,30,18,31,4,32,2,33,10,32,6,2,2
mon,129,36,6,37,18,38,4,39,2,40,10,39,6,4,2
mon,130,2,2,8,4,9,4,9,4,15,2,15,2,15,2,2,2
mon,131,4,2,10,4,11,4,11,4,21,2,21,2,21,2,4,2,57,8,58,10,57,8,65,12,57,6,58,8,57,6,65,4,57,2,59,2,60,8,0,0,61,8,62,10,61,8,66,12,61,6,62,8,61,6,66,4,61,2,63,2,64,8,0,0
mon,132,2,2,12,2,12,4,12,6,15,4,15,2,15,2,15,2,15,2
mon,133,4,2,18,2,18,4,18,6,21,4,21,2,21,2,21,2,21,2,65,4,69,4,67,4,71,4,68,4,72,4,66,4,70,4,65,2,69,2,67,2,71,2,68,2,72,2,66,2,70,2,66,4,70,4,65,4,69,4,67,4,71,4,68,4,72,4,66,2,70,2,65,2,69,2,67,2,71,2,68,2,72,2
mon,134,29,6,30,18,31,2,34,2,35,6,34,4,2,2
mon,135,36,6,37,18,38,2,41,2,42,6,41,4,4,2,43,2,44,4,43,2,46,4,45,2,45,4,47,2,48,4,47,2,50,4,49,2,49,4
mon,136,2,6,16,8,2,4,15,0
mon,137,32,6,50,8,32,4,49,0
mon,138,29,6,30,18,31,2,34,2,35,2,35,4,34,6,2,2
mon,139,36,6,37,18,38,2,41,2,42,2,42,4,41,6,4,2
mon,140,35,6,34,4,31,4,29,6,30,70,34,8,35,2,34,6
mon,141,42,6,41,4,36,4,37,6,38,70,41,8,42,2,41,6
mon,142,29,6,30,18,31,2,32,2,33,2,33,4,32,6,2,2
mon,143,36,6,37,18,38,2,39,2,40,2,40,4,39,6,4,2
mon,144,15,2,15,2,29,6,30,18,31,2,32,2,33,2,33,4,32,6,2,2
mon,145,21,2,21,2,36,6,37,18,38,2,39,2,40,2,40,4,39,6,4,2
mon,146,15,6,12,4,1,2,12,4,5,2,12,4,1,2,12,4,5,2,12,4,1,2,12,4,5,2,2,2
mon,147,21,6,18,4,7,2,18,4,24,2,18,4,7,2,18,4,24,2,18,4,7,2,18,4,24,2,4,2,73,6,74,6,73,4,74,4,73,2,74,2,73,4,74,4,73,6,75,4,74,4,73,4,76,6,77,6,76,4,77,4,76,2,77,2,76,4,77,4,76,6,78,4,77,4,76,4,82,8,83,8,79,6,84,8,80,6,81,8,82,8,83,8,80,8,2,2,88,8,89,8,85,6,90,8,86,6,87,8,88,8,89,8,86,8,4,2
mon,148,1,2,12,10,12,2,5,2,5,2,29,2,29,2,30,8,31,2,34,2,35,2,35,2,35,2,34,2,34,2,5,4,12,4,1,4
mon,149,7,2,18,10,18,2,24,2,24,2,36,2,36,2,37,8,38,2,41,2,42,2,42,2,42,2,41,2,41,2,24,4,18,4,7,4,82,8,83,8,79,6,84,8,80,6,81,8,82,8,83,8,80,8,2,2,88,8,89,8,85,6,90,8,86,6,87,8,88,8,89,8,86,8,4,2,82,4,83,4,79,4,80,2,81,2,82,4,83,4,79,4,80,2,81,2,82,4,83,4,79,4,80,2,81,2,88,4,89,4,85,4,86,2,87,2,88,4,89,4,85,4,86,2,87,2,88,4,89,4,85,4,86,2,87,2,82,8,83,8,79,6,84,8,80,6,81,8,82,8,83,8,80,8,2,2,88,8,89,8,85,6,90,8,86,6,87,8,88,8,89,8,86,8,4,2,92,4,91,4,92,4,93,4,95,4,94,4,95,4,96,4,99,8,97,12,99,4,101,16,101,2,99,4,105,8,103,12,105,4,107,16,107,2,105,4
mon,150,29,6,30,18,31,2,32,2,33,2,33,4,32,6
mon,151,36,6,37,18,38,2,39,2,40,2,40,4,39,6,110,8,112,8,106,8,104,12,106,4,108,14,108,2,106,4,112,8,111,8,109,8,110,8,100,8,98,12,100,4,102,14,102,2,100,4,110,8,112,8
mon,152,17,6,15,6,12,2,12,2,12,2,12,2,12,2,12,20,0,0
mon,153,23,6,21,6,18,2,18,2,18,2,18,2,18,2,18,20,0,0
mon,154,29,8,30,8,31,8,34,8,35,8,34,8
mon,155,36,8,37,8,38,8,41,8,42,8,41,8
mon,156,29,6,30,18,31,2,34,2,35,6,34,6
mon,157,36,6,37,18,38,2,41,2,42,6,41,6,43,6,44,8,45,12,44,4,43,2,46,2,47,2,48,4,49,6,48,4,47,2,15,0,50,6,51,8,52,12,51,4,50,2,53,2,54,2,55,4,56,6,55,4,54,2,21,0
mon,158,15,2,15,2,15,4,12,2,12,2,12,4,12,6,15,4,15,2,15,2,15,2,15,2,15,2,15,2,15,2,15,2,15,2,15,2,15,2
mon,159,21,2,21,2,21,4,18,2,18,2,18,4,18,6,21,4,21,2,21,2,21,2,21,2,21,2,21,2,21,2,21,2,21,2,21,2,21,2
mon,160,2,8,14,6,14,8,14,2,2,2,15,30,15,2,15,2
mon,161,4,8,20,6,20,8,20,2,4,2,21,30,21,2,21,2
mon,162,15,6,15,2,2,8,16,4,16,6,16,30,16,2,2,6,15,16,15,2
mon,163,21,6,21,2,4,8,22,4,22,6,22,30,22,2,4,6,21,16,21,2
mon,164,29,6,30,18,31,2,32,2,33,2,33,4,32,6
mon,165,36,6,37,18,38,2,39,2,40,2,40,4,39,6
mon,166,29,6,30,18,31,2,32,2,33,2,33,4,32,6,2,6,8,8,1,10,8,8,2,6,9,8,5,10,9,8
mon,167,36,6,37,18,38,2,39,2,40,2,40,4,39,6,4,6,10,8,7,10,10,8,4,6,11,8,24,10,11,8,113,8,114,8,115,8,114,8,113,8,116,6,117,12,116,4,118,2,119,16,119,2,118,4,120,8,121,8,122,8,121,8,120,8,123,6,124,12,123,4,125,2,126,16,126,2,125,4,127,6,127,6,128,4,129,4,130,6,127,10,2,2,134,6,134,6,135,4,136,4,137,6,134,10,4,2,15,2,15,2,131,16,132,4,133,10,132,6,21,2,21,2,138,16,139,4,140,10,139,6
mon,168,15,2,15,2
mon,169,21,2,21,2
mon,170,15,4,12,4,12,4,15,2,15,10,1,2,8,4,2,4
mon,171,21,4,18,4,18,4,21,2,21,10,7,2,10,4,4,4
mon,172,29,6,30,18,31,2,32,2,33,2,33,4,32,6
mon,173,36,6,37,18,38,2,39,2,40,2,40,4,39,6
mon,174,15,6,15,4,15,4,17,4,16,6,16,6,16,2,17,4
mon,175,21,6,21,4,23,4,22,6,22,6,22,2,23,4
mon,176,29,6,30,18,31,2,32,2,33,6,32,6,2,2
mon,177,36,6,37,18,38,2,39,2,40,6,39,6,4,2
mon,178,29,6,30,18,31,2,32,2,33,16,33,2,33,4,32,6
mon,179,36,6,37,18,38,2,39,2,40,16,40,2,40,4,39,6,141,4,142,6,143,8,144,4,145,4,146,4,145,4,144,2,144,4,143,6,142,4,141,2,148,4,149,6,150,8,151,4,152,4,153,4,152,4,151,2,151,4,150,6,149,4,148,2
mon,180
mon,181
mon,182,29,6,30,18,31,2,34,2,35,2,35,4,34,6,2,2
mon,183,36,6,37,18,38,2,41,2,42,2,42,4,41,6,4,2,157,6,158,8,159,10,157,2,160,6,161,2,161,2,161,4,162,2,162,2,161,2,160,4,163,6,164,8,165,10,163,2,166,6,167,2,167,2,167,4,168,2,168,2,167,2,166,4
mon,184,2,10,2,4,16,4,16,0
mon,185,4,4,4,4,21,4,21,0
mon,186,29,6,30,18,31,2,32,2,33,2,33,4,32,6
mon,187,36,6,37,18,38,2,39,2,40,2,40,4,39,6
mon,188,29,6,30,18,31,2,32,2,33,2,33,4,32,6
mon,189,36,6,37,18,38,2,39,2,40,2,40,4,39,6
mon,190
mon,191
mon,192
mon,193
mon,194,57,8,58,10,57,8,65,12,57,6,58,8,57,6,65,4,57,2,59,2,60,8,0,0
mon,195,61,8,62,10,61,8,66,12,61,6,62,8,61,6,66,4,61,2,63,2,64,8,0,0,2,2,12,2,12,4,12,6,15,4,15,2,15,2,15,2,15,2,4,2,18,2,18,4,18,6,21,4,21,2,21,2,21,2,21,2
mon,196,65,4,69,4,67,4,71,4,68,4,72,4,66,4,70,4,65,2,69,2,67,2,71,2,68,2,72,2,66,2,70,2
mon,197,66,4,70,4,65,4,69,4,67,4,71,4,68,4,72,4,66,2,70,2,65,2,69,2,67,2,71,2,68,2,72,2,29,6,30,18,31,2,34,2,35,6,34,4,2,2,36,6,37,18,38,2,41,2,42,6,41,4,4,2
mon,198,43,2,44,4,43,2,46,4,45,2,45,4
mon,199,47,2,48,4,47,2,50,4,49,2,49,4,2,6,16,8,2,4,15,0,32,6,50,8,32,4,49,0,29,6,30,18,31,2,34,2,35,2,35,4,34,6,2,2,36,6,37,18,38,2,41,2,42,2,42,4,41,6,4,2,35,6,34,4,31,4,29,6,30,70,34,8,35,2,34,6,42,6,41,4,36,4,37,6,38,70,41,8,42,2,41,6,29,6,30,18,31,2,32,2,33,2,33,4,32,6,2,2,36,6,37,18,38,2,39,2,40,2,40,4,39,6,4,2,15,2,15,2,29,6,30,18,31,2,32,2,33,2,33,4,32,6,2,2,21,2,21,2,36,6,37,18,38,2,39,2,40,2,40,4,39,6,4,2,15,6,12,4,1,2,12,4,5,2,12,4,1,2,12,4,5,2,12,4,1,2,12,4,5,2,2,2,21,6,18,4,7,2,18,4,24,2,18,4,7,2,18,4,24,2,18,4,7,2,18,4,24,2,4,2
mon,200,73,6,74,6,73,4,74,4,73,2,74,2,73,4,74,4,73,6,75,4,74,4,73,4
mon,201,76,6,77,6,76,4,77,4,76,2,77,2,76,4,77,4,76,6,78,4,77,4,76,4
mon,202,82,8,83,8,79,6,84,8,80,6,81,8,82,8,83,8,80,8,2,2
mon,203,88,8,89,8,85,6,90,8,86,6,87,8,88,8,89,8,86,8,4,2,1,2,12,10,12,2,5,2,5,2,29,2,29,2,30,8,31,2,34,2,35,2,35,2,35,2,34,2,34,2,5,4,12,4,1,4,7,2,18,10,18,2,24,2,24,2,36,2,36,2,37,8,38,2,41,2,42,2,42,2,42,2,41,2,41,2,24,4,18,4,7,4
mon,204,82,8,83,8,79,6,84,8,80,6,81,8,82,8,83,8,80,8,2,2
mon,205,88,8,89,8,85,6,90,8,86,6,87,8,88,8,89,8,86,8,4,2
mon,206,82,4,83,4,79,4,80,2,81,2,82,4,83,4,79,4,80,2,81,2,82,4,83,4,79,4,80,2,81,2
mon,207,88,4,89,4,85,4,86,2,87,2,88,4,89,4,85,4,86,2,87,2,88,4,89,4,85,4,86,2,87,2
mon,208,82,8,83,8,79,6,84,8,80,6,81,8,82,8,83,8,80,8,2,2
mon,209,88,8,89,8,85,6,90,8,86,6,87,8,88,8,89,8,86,8,4,2
mon,210,92,4,91,4,92,4,93,4
mon,211,95,4,94,4,95,4,96,4
mon,212,99,8,97,12,99,4,101,16,101,2,99,4
mon,213,105,8,103,12,105,4,107,16,107,2,105,4,29,6,30,18,31,2,32,2,33,2,33,4,32,6,36,6,37,18,38,2,39,2,40,2,40,4,39,6
mon,214,110,8,112,8,106,8,104,12,106,4,108,14,108,2,106,4,112,8,111,8
mon,215,109,8,110,8,100,8,98,12,100,4,102,14,102,2,100,4,110,8,112,8,17,6,15,6,12,2,12,2,12,2,12,2,12,2,12,20,0,0,23,6,21,6,18,2,18,2,18,2,18,2,18,2,18,20,0,0,29,8,30,8,31,8,34,8,35,8,34,8,36,8,37,8,38,8,41,8,42,8,41,8,29,6,30,18,31,2,34,2,35,6,34,6,36,6,37,18,38,2,41,2,42,6,41,6
mon,216,43,6,44,8,45,12,44,4,43,2,46,2,47,2,48,4,49,6,48,4,47,2,15,0
mon,217,50,6,51,8,52,12,51,4,50,2,53,2,54,2,55,4,56,6,55,4,54,2,21,0,15,2,15,2,15,4,12,2,12,2,12,4,12,6,15,4,15,2,15,2,15,2,15,2,15,2,15,2,15,2,15,2,15,2,15,2,15,2,21,2,21,2,21,4,18,2,18,2,18,4,18,6,21,4,21,2,21,2,21,2,21,2,21,2,21,2,21,2,21,2,21,2,21,2,21,2,2,8,14,6,14,8,14,2,2,2,15,30,15,2,15,2,4,8,20,6,20,8,20,2,4,2,21,30,21,2,21,2,15,6,15,2,2,8,16,4,16,6,16,30,16,2,2,6,15,16,15,2,21,6,21,2,4,8,22,4,22,6,22,30,22,2,4,6,21,16,21,2,29,6,30,18,31,2,32,2,33,2,33,4,32,6,36,6,37,18,38,2,39,2,40,2,40,4,39,6,29,6,30,18,31,2,32,2,33,2,33,4,32,6,2,6,8,8,1,10,8,8,2,6,9,8,5,10,9,8,36,6,37,18,38,2,39,2,40,2,40,4,39,6,4,6,10,8,7,10,10,8,4,6,11,8,24,10,11,8
mon,218,113,8,114,8,115,8,114,8,113,8,116,6,117,12,116,4,118,2,119,16,119,2,118,4
mon,219,120,8,121,8,122,8,121,8,120,8,123,6,124,12,123,4,125,2,126,16,126,2,125,4
mon,220,127,6,127,6,128,4,129,4,130,6,127,10,2,2
mon,221,134,6,134,6,135,4,136,4,137,6,134,10,4,2
mon,222,15,2,15,2,131,16,132,4,133,10,132,6
mon,223,21,2,21,2,138,16,139,4,140,10,139,6,15,2,15,2,21,2,21,2,15,4,12,4,12,4,15,2,15,10,1,2,8,4,2,4,21,4,18,4,18,4,21,2,21,10,7,2,10,4,4,4,29,6,30,18,31,2,32,2,33,2,33,4,32,6,36,6,37,18,38,2,39,2,40,2,40,4,39,6,15,6,15,4,15,4,17,4,16,6,16,6,16,2,17,4,21,6,21,4,23,4,22,6,22,6,22,2,23,4,29,6,30,18,31,2,32,2,33,6,32,6,2,2,36,6,37,18,38,2,39,2,40,6,39,6,4,2,29,6,30,18,31,2,32,2,33,16,33,2,33,4,32,6,36,6,37,18,38,2,39,2,40,16,40,2,40,4,39,6
mon,224,141,4,142,6,143,8,144,4,145,4,146,4,145,4,144,2,144,4,143,6,142,4,141,2
mon,225,148,4,149,6,150,8,151,4,152,4,153,4,152,4,151,2,151,4,150,6,149,4,148,2,29,6,30,18,31,2,34,2,35,2,35,4,34,6,2,2,36,6,37,18,38,2,41,2,42,2,42,4,41,6,4,2
mon,226,157,6,158,8,159,10,157,2,160,6,161,2,161,2,161,4,162,2,162,2,161,2,160,4
mon,227,163,6,164,8,165,10,163,2,166,6,167,2,167,2,167,4,168,2,168,2,167,2,166,4,2,10,2,4,16,4,16,0,4,4,4,4,21,4,21,0,29,6,30,18,31,2,32,2,33,2,33,4,32,6,36,6,37,18,38,2,39,2,40,2,40,4,39,6,29,6,30,18,31,2,32,2,33,2,33,4,32,6,36,6,37,18,38,2,39,2,40,2,40,4,39,6
mon,228,173,6,174,8,175,6,175,4,176,4,177,4,176,4,175,4,177,4,178,2,179,4,180,6,182,2,181,2,174,2,173,4
mon,229,183,6,184,8,185,6,185,4,186,4,187,4,186,4,185,4,187,4,188,2,189,4,190,6,192,2,191,2,184,2,183,4
mon,230,193,6,194,18,195,2,196,2,197,6,196,6
mon,231,200,6,201,18,202,2,203,2,204,6,203,6
mon,232,193,6,194,18,195,2,196,2,197,6,196,6
mon,233,200,6,201,18,202,2,203,2,204,6,203,6
mon,234,193,6,194,8,195,10,196,18,197,4,198,2,199,2,195,8,194,8
mon,235,200,6,201,8,202,10,203,18,204,4,205,2,206,2,202,8,201,8
mon,236,193,6,194,18,195,2,196,2,197,6,196,6
mon,237,36,6,38,2,39,2,40,6,39,6