label,animation_id,frame_id,delay
ruka,0,0,0
ruka,1
ruka,2,2,0
ruka,3
ruka,4
ruka,5,4,0
ruka,6,2,6,8,8,1,10,8,8,2,6,9,8,5,10,9,8
ruka,7,4,6,10,8,7,10,10,8,4,6,11,8,24,10,11,8
ruka,8,2,2,8,4,1,6,8,4,2,2,9,4,5,6,9,4
ruka,9,4,2,10,4,7,6,10,4,4,2,11,4,24,6,11,4
ruka,10,2,10,8,12,1,14,8,12,2,10,9,12,5,14,9,12
ruka,11,4,10,10,12,7,14,10,12,4,10,11,12,24,14,11,12
ruka,12,2,6,2,8,8,10,8,8,2,6,2,8,9,10,9,8
ruka,13,4,6,4,8,10,10,10,8,4,6,4,8,11,10,11,8
ruka,14,2,2,2,4,8,6,8,4,2,2,2,4,9,6,9,4
ruka,15,4,2,4,4,10,6,10,4,4,2,4,4,11,6,11,4
ruka,16,2,10,2,12,8,14,8,12,2,10,2,12,9,14,9,12
ruka,17,4,10,4,12,10,14,10,12,4,10,4,12,11,14,11,12
ruka,18
ruka,19
ruka,20
ruka,21
ruka,22
ruka,23
ruka,24,8,4,1,4,8,4,2,2,9,4,5,4,9,4,2,2
ruka,25,10,4,7,4,10,4,4,2,11,4,24,4,11,4,4,2
ruka,26,8,2,1,2,8,2,2,2,9,2,5,2,9,2,2,2
ruka,27,10,2,7,2,10,2,4,2,11,2,24,2,11,2,4,2
ruka,28,8,8,1,8,8,8,2,4,9,8,5,8,9,8,2,4
ruka,29,10,8,7,8,10,8,4,4,11,8,24,8,11,8,4,4
ruka,30,8,4,8,4,2,4,2,2,9,4,9,4,2,4,2,2
ruka,31,10,4,10,4,4,4,4,2,11,4,11,4,4,4,4,2
ruka,32,8,2,8,2,2,2,2,2,9,2,9,2,2,2,2,2
ruka,33,10,2,10,2,4,2,4,2,11,2,11,2,4,2,4,2
ruka,34,8,8,8,8,2,8,2,4,9,8,9,8,2,8,2,4
ruka,35,10,8,10,8,4,8,4,4,11,8,11,8,4,8,4,4
ruka,36
ruka,37
ruka,38
ruka,39
ruka,40
ruka,41
ruka,42,2,4,4,4,6,4,3,4
ruka,43,4,4,6,4,3,4,2,4
ruka,44,15,0
ruka,45,21,0
ruka,46,14,0
ruka,47,20,0
ruka,48
ruka,49
ruka,50
ruka,51
ruka,52,17,0
ruka,53,23,0
ruka,54,16,0
ruka,55,22,0
ruka,56,2,10
ruka,57,4,4
ruka,58
ruka,59
ruka,60,2,10,12,0
ruka,61,4,10,18,0
ruka,62,12,0
ruka,63,18,0
ruka,64,1,2,15,4
ruka,65,7,2,21,4
ruka,66,15,0
ruka,67,21,0
ruka,68,15,2
ruka,69,21,2
ruka,70,8,0
ruka,71,10,0
ruka,72,17,0
ruka,73,23,0
ruka,74,17,0
ruka,75,23,0
ruka,76
ruka,77
ruka,78
ruka,79
ruka,80
ruka,81
ruka,82
ruka,83
ruka,84,15,8,25,0
ruka,85,21,8,27,0
ruka,86,25,2
ruka,87,27,2
ruka,88,25,6
ruka,89,27,6
ruka,90
ruka,91
ruka,92
ruka,93
ruka,94
ruka,95
ruka,96,1,0
ruka,97,7,0
ruka,98,5,0
ruka,99,24,0
ruka,100
ruka,101
ruka,102,2,8,15,8,2,8,16,8,0,208
ruka,103,4,8,21,8,4,8,22,8,0,208
ruka,104,17,0
ruka,105,23,0
ruka,106,15,0
ruka,107,21,0
ruka,108
ruka,109
ruka,110
ruka,111
ruka,112,3,16,17,2
ruka,113,3,16,23,2
ruka,114,0,208,16,0
ruka,115,0,208,22,0
ruka,116
ruka,117
ruka,118,0,0
ruka,119,0,0
ruka,120,15,2,12,0,29,2,15,2
ruka,121,21,2,12,0,36,2,21,2
ruka,122,2,2,15,10,31,2,32,2,33,2,2,2,2,2
ruka,123,4,2,21,10,38,2,39,2,40,2,4,2,4,2
ruka,124,29,6,30,18,31,4,32,2,33,10,32,6,2,2
ruka,125,36,6,37,18,38,4,39,2,40,10,39,6,4,2
ruka,126,29,6,30,18,31,4,34,2,35,10,34,6,2,2
ruka,127,36,6,37,18,38,4,41,2,42,10,41,6,4,2
ruka,128
ruka,129
ruka,130
ruka,131
ruka,132
ruka,133
ruka,134
ruka,135
ruka,136
ruka,137
ruka,138
ruka,139
ruka,140
ruka,141
ruka,142
ruka,143
ruka,144
ruka,145
ruka,146
ruka,147
ruka,148
ruka,149
ruka,150
ruka,151
ruka,152
ruka,153
ruka,154
ruka,155
ruka,156
ruka,157
ruka,158
ruka,159
ruka,160
ruka,161
ruka,162
ruka,163
ruka,164
ruka,165
ruka,166
ruka,167
ruka,168
ruka,169
ruka,170
ruka,171
ruka,172
ruka,173
ruka,174
ruka,175
ruka,176
ruka,177