label,animation_id,frame_id,delay
wep2,0,6,2,7,2,8,10,7,2,6,2,16,14,16,2
wep2,1,24,2,25,2,26,10,25,2,24,2,36,14,36,2
wep2,2,6,2,7,2,8,10,7,2,9,2,19,14,19,2,9,4
wep2,3,24,2,25,2,26,10,25,2,24,2,31,14,31,2,33,4
wep2,4,6,2,7,2,8,10,7,2,15,2,22,14,22,2,9,4
wep2,5,24,2,25,2,26,10,25,2,40,2,29,14,29,2,33,4
wep2,6,1,2,2,4,3,10,2,2,1,4,6,2,7,2,8,12,8,2
wep2,7,15,2,16,4,17,10,16,2,23,4,24,2,24,2,24,12,24,2
wep2,8,1,2,2,4,3,10,2,2,1,4,9,2,10,2,11,12,11,2
wep2,9,15,2,16,4,17,10,16,2,19,4,18,2,18,2,18,12,18,2
wep2,10,1,2,2,4,3,10,3,2,1,2,11,2,12,2,13,2,14,12,14,2
wep2,11,15,2,16,4,17,10,17,2,15,2,18,2,21,2,21,2,20,12,20,2
wep2,12,0,2,1,4,2,10,1,2,0,2,3,8,15,2,16,2,11,12,11,2
wep2,13,23,2,24,4,24,2,23,2,26,8,36,2,37,2,37,12,37,2
wep2,14,0,2,1,4,2,10,1,2,8,2,5,8,17,2,18,2,20,12,20,2
wep2,15,23,2,24,4,25,10,24,2,28,2,29,8,39,2,40,2,40,12,40,2
wep2,16,0,2,1,4,2,10,1,2,8,2,7,8,13,2,21,2,22,12,22,2
wep2,17,23,2,24,4,25,10,24,2,23,2,31,8,42,2,43,2,43,12,43,2
wep2,18,0,12,1,8,2,8,3,12,2,8,4,8,0,12,1,8,2,8,3,12,2,8,4,14,4,2
wep2,19,5,12,6,8,7,8,8,12,7,8,6,8,5,12,6,8,7,8,8,12,7,8,6,14,6,2
wep2,20,0,4,1,4,2,4,3,8,4,8,3,8,4,8,3,8,4,8,3,8,4,8,3,8,4,8,3,14,3,2
wep2,21,5,4,6,4,7,4,8,8,9,8,8,8,9,8,8,8,9,8,8,8,9,8,8,8,9,8,8,14,8,2
wep2,22,10,2,11,4,12,8,18,2,20,14,20,2
wep2,23,27,2,28,4,29,8,29,2,38,14,38,2
wep2,24,10,2,11,4,12,8,11,2,10,2,23,14,23,2,10,4
wep2,25,27,2,28,4,29,8,29,2,27,2,41,14,41,2,27,4
wep2,26,10,2,11,4,12,8,11,2,22,2,26,12,26,2,10,4
wep2,27,27,2,28,4,29,8,34,2,43,2,45,12,45,2,30,4
wep2,28,0,2,1,2,2,10,1,2,0,2,4,2,6,2,7,2
wep2,29,23,2,24,2,25,10,24,2,23,2,26,2,28,2,29,4
wep2,30,7,0
wep2,31,29,0
wep2,32,7,2,9,2,10,2,8,4
wep2,33,29,2,31,2,32,2,26,4
wep2,34,0,2,1,2,2,10,1,2,8,2,14,2,12,2,13,4
wep2,35,23,2,24,2,25,10,24,2,23,2,36,2,34,2,35,4
wep2,36,13,0
wep2,37,35,0
wep2,38,13,2,15,2,16,2,14,4,8,4
wep2,39,35,2,37,2,38,2,36,4,30,4
wep2,40,0,2,1,2,2,10,1,2,4,2,14,2,18,2,19,4
wep2,41,23,2,24,2,25,10,24,2,26,2,36,2,40,2,41,4
wep2,42,19,0
wep2,43,41,0
wep2,44,19,2,21,2,22,2,14,4,8,4
wep2,45,41,2,43,2,44,2,36,4,30,4
wep2,46,0,16
wep2,47,3,16
wep2,48,1,16
wep2,49,4,16
wep2,50,2,16
wep2,51,5,16
wep2,52,6,6,7,4,8,18,7,6
wep2,53,24,6,25,4,26,18,25,6
wep2,54,9,2,6,4,7,4,8,18,7,6
wep2,55,40,2,24,4,25,4,26,18,25,6
wep2,56,18,2,9,2,6,6,7,4,8,18,7,6
wep2,57,31,2,40,2,24,6,25,4,26,18,25,6
wep2,58,6,2,18,4,18,4,12,8,18,10,6,6
wep2,59,27,2,28,4,28,4,29,8,28,10,27,6
wep2,60,6,2,18,4,18,4,12,8,18,10,6,6
wep2,61,27,2,28,4,28,4,29,8,28,10,27,6
wep2,62,22,2,6,2,18,4,18,4,12,8,18,10,6,6
wep2,63,43,2,27,2,28,4,28,4,29,8,28,10,27,6
wep2,64,16,0
wep2,65,36,0
wep2,66,0,4,1,4,2,4,3,8,4,8,3,8,4,8,3,8,4,8,3,8,4,8,5,8,6,14,6,2
wep2,67,7,4,8,4,9,4,10,8,11,8,10,8,11,8,10,8,11,8,10,8,11,8,12,8,13,14,13,2
wep2,68,0,0
wep2,69,0,2,1,2,2,2
wep2,70,3,0
wep2,71,4,0
wep2,72,5,0
wep2,73,6,0
wep2,74,7,0
wep2,75,8,0
wep2,76,9,0
wep2,77,10,0
wep2,78,11,0
wep2,79,12,0
wep2,80,13,0
wep2,81,14,0
wep2,82,15,0
wep2,83,16,0
wep2,84,17,0
wep2,85,18,0
wep2,86,43,6,43,6,44,4,44,4,45,0
wep2,87,46,6,46,6,47,4,47,4,48,0
wep2,88,0,2,1,2,2,10,1,2,0,2,4,2,6,2,7,2,7,2,9,2,10,2,8,4
wep2,89,23,2,24,2,25,10,24,2,23,2,26,2,28,2,29,2,29,2,31,2,32,2,26,4
wep2,90,0,2,1,2,2,10,1,2,8,2,14,2,12,2,13,2,13,2,15,2,16,2,14,4,8,4
wep2,91,23,2,24,2,25,10,24,2,23,2,36,2,34,2,35,2,35,2,37,2,38,2,36,4,30,4
wep2,92,0,2,1,2,2,10,1,2,4,2,14,2,18,2,19,2,19,2,21,2,22,2,14,4,8,4
wep2,93,23,2,24,2,25,10,24,2,26,2,36,2,40,2,41,2,41,2,43,2,44,2,36,4,30,4