label,animation_id,frame_id,delay
kanzen,0,0,0
kanzen,1
kanzen,2,1,0
kanzen,3
kanzen,4
kanzen,5,10,0
kanzen,6,2,6,8,8,1,10,8,8,2,6,9,8,4,10,9,8
kanzen,7,5,6,10,8,7,10,10,8,5,6,11,8,24,10,11,8
kanzen,8,2,2,8,4,1,6,8,4,2,2,9,4,4,6,9,4
kanzen,9,5,2,10,4,7,6,10,4,5,2,11,4,24,6,11,4
kanzen,10,2,10,8,12,1,14,8,12,2,10,9,12,4,14,9,12
kanzen,11,5,10,10,12,7,14,10,12,5,10,11,12,24,14,11,12
kanzen,12
kanzen,13
kanzen,14
kanzen,15
kanzen,16
kanzen,17
kanzen,18
kanzen,19
kanzen,20
kanzen,21
kanzen,22
kanzen,23
kanzen,24,2,8,8,10,1,12,8,10,2,8,9,10,4,12,9,10
kanzen,25,5,8,10,10,7,12,10,10,5,8,11,10,24,12,11,10
kanzen,26,2,4,8,6,1,8,8,6,2,4,9,6,4,8,9,6
kanzen,27,5,4,10,6,7,8,10,6,5,4,11,6,24,8,11,6
kanzen,28,2,12,8,14,1,16,8,14,2,12,9,14,4,16,9,14
kanzen,29,5,12,10,14,7,16,10,14,5,12,11,14,24,16,11,14
kanzen,30
kanzen,31
kanzen,32
kanzen,33
kanzen,34
kanzen,35
kanzen,36
kanzen,37
kanzen,38
kanzen,39
kanzen,40
kanzen,41
kanzen,42,2,12,3,12,6,12,5,12
kanzen,43,2,12,3,12,6,12,5,12
kanzen,44,1,0
kanzen,45,10,0
kanzen,46,14,0
kanzen,47,20,0
kanzen,48,14,2,14,2,14,2,14,16,14,2,14,2,14,2
kanzen,49,20,2,20,2,20,2,20,16,20,2,20,2,20,2
kanzen,50,17,2,17,2
kanzen,51,23,2,23,2
kanzen,52,6,0
kanzen,53,23,0
kanzen,54,16,0
kanzen,55,22,0
kanzen,56,2,6,4,6,2,8,16,10,16,12,16,10,2,6
kanzen,57,7,6,5,6,7,8,22,10,22,12,22,10,7,6
kanzen,58
kanzen,59
kanzen,60,2,6,9,6,4,4,9,4,2,4,8,6,1,0
kanzen,61,5,6,11,6,24,4,11,4,5,4,10,6,7,0
kanzen,62
kanzen,63
kanzen,64,1,2,8,6,2,6,9,8,4,10,9,8
kanzen,65,7,2,10,6,5,6,11,8,24,10,11,8
kanzen,66,15,0
kanzen,67,21,0
kanzen,68,15,2,15,2
kanzen,69,21,2,21,2
kanzen,70,2,0
kanzen,71,10,0
kanzen,72,17,0
kanzen,73,23,0
kanzen,74,17,0
kanzen,75,23,0
kanzen,76
kanzen,77
kanzen,78
kanzen,79
kanzen,80
kanzen,81
kanzen,82
kanzen,83
kanzen,84,15,2,15,2,15,0
kanzen,85,21,2,21,2,21,0
kanzen,86,15,2,15,2
kanzen,87,21,2,21,2
kanzen,88,15,8,29,2,25,4,30,8,31,2,32,4,26,8,32,4,31,4,2,4
kanzen,89,21,8,33,4,27,4,34,8,35,2,36,4,28,8,35,4,7,2,5,2
kanzen,90
kanzen,91
kanzen,92
kanzen,93
kanzen,94
kanzen,95
kanzen,96,1,0
kanzen,97,7,0
kanzen,98,1,0
kanzen,99,7,0
kanzen,100
kanzen,101
kanzen,102,2,4,9,4,4,4,31,4,32,4,26,8,9,8,8,8,2,8
kanzen,103,5,4,11,4,11,4,35,4,36,4,28,8,11,8,10,8,5,8
kanzen,104,17,0
kanzen,105,23,0
kanzen,106,17,16,15,0
kanzen,107,23,16,21,0
kanzen,108,17,0
kanzen,109,23,0
kanzen,110
kanzen,111
kanzen,112,17,2,17,2
kanzen,113,23,2,23,2
kanzen,114,26,0
kanzen,115,28,0
kanzen,116
kanzen,117
kanzen,118,0,0
kanzen,119,0,0
kanzen,120,2,8,9,6,4,6,9,4,2,4,16,2,2,4,9,4,4,6,9,6,2,6
kanzen,121,7,8,5,6,11,6,5,4,5,4,22,2,5,4,5,4,11,6,5,6,7,6
kanzen,122,37,6,38,6,39,18,40,2,41,2,42,2,44,2,43,8,41,4,40,4
kanzen,123,45,6,46,6,47,18,48,2,49,2,50,2,52,2,51,8,49,4,48,4
kanzen,124,37,6,38,6,39,18,40,2,41,2,42,2,44,2,43,8,41,4,40,4
kanzen,125,45,6,46,6,47,18,48,2,49,2,50,2,52,2,51,8,49,4,48,4
kanzen,126,37,6,38,6,39,18,40,2,41,2,42,2,44,2,43,8,41,4,40,4
kanzen,127,45,6,46,6,47,18,48,2,49,2,50,2,52,2,51,8,49,4,48,4
kanzen,128
kanzen,129
kanzen,130
kanzen,131
kanzen,132
kanzen,133
kanzen,134
kanzen,135
kanzen,136,37,6,38,6,39,18,40,2,41,2,42,2,44,2,43,8,41,4,40,4
kanzen,137,45,6,46,6,47,18,48,2,49,2,50,2,52,2,51,8,49,4,48,4