label,animation_id,frame_id,delay
other,0,0,0
other,1
other,2,1,0
other,3
other,4
other,5,6,0
other,6,1,6,3,8,1,4,2,4
other,7,6,6,8,8,6,4,7,4
other,8,1,2,3,4,1,2,2,2
other,9,6,2,8,4,6,2,7,2
other,10,1,8,3,10,1,6,2,6
other,11,6,8,8,10,6,6,7,6
other,12,1,6,1,8,2,10,2,8,1,6,1,8,3,10,3,8
other,13,6,6,6,8,7,10,7,8,6,6,6,8,8,10,8,8
other,14,1,2,1,4,2,6,2,4,1,2,1,4,3,6,3,4
other,15,6,2,6,4,7,6,7,4,6,2,6,4,8,6,8,4
other,16,1,10,1,12,2,14,2,12,1,10,1,12,3,14,3,12
other,17,6,10,6,12,7,14,7,12,6,10,6,12,8,14,8,12
other,18
other,19,1,4,2,4,3,4,4,4,5,4,6,4,7,4,8,4
other,20
other,21
other,22
other,23
other,24,3,8,1,4,2,4
other,25,8,8,6,4,7,4
other,26,3,4,1,2,2,2
other,27,8,4,6,2,7,2
other,28,3,12,1,8,2,8
other,29,8,12,6,8,7,8
other,30,2,4,2,4,1,4,1,2,3,4,3,4,1,4,1,2
other,31,7,4,7,4,6,4,6,2,8,4,8,4,6,4,6,2
other,32,2,2,2,2,1,2,1,2,3,2,3,2,1,2,1,2
other,33,7,2,7,2,6,2,6,2,8,2,8,2,6,2,6,2
other,34,2,8,2,8,1,8,1,4,3,8,3,8,1,8,1,4
other,35,7,8,7,8,6,8,6,4,8,8,8,8,6,8,6,4
other,36
other,37
other,38
other,39
other,40
other,41
other,42,15,0
other,43,16,0
other,44,3,0
other,45,8,0
other,46,3,0
other,47,8,0
other,48
other,49
other,50
other,51
other,52,5,0
other,53,10,0
other,54,11,0
other,55,13,0
other,56,1,6,3,6
other,57,6,6,8,6
other,58,1,6,3,6,2,4,3,4
other,59,6,6,8,6,7,4,8,4
other,60,1,6,3,6,2,0
other,61,6,6,8,6,7,0
other,62
other,63
other,64,2,2,3,6,1,20
other,65,7,2,8,6,6,20
other,66,11,0
other,67,13,0
other,68,11,2
other,69,13,2
other,70,1,0
other,71,6,0
other,72,12,0
other,73,14,0
other,74,1,6,2,6,4,10,3,6
other,75,6,6,7,6,9,10,8,6
other,76
other,77
other,78
other,79
other,80
other,81
other,82
other,83
other,84,1,8,3,0
other,85,6,8,8,0
other,86,1,8,3,8
other,87,6,8,8,8
other,88,1,2,11,10,1,4,12,8
other,89,6,2,13,10,6,4,14,8
other,90
other,91
other,92
other,93
other,94
other,95
other,96,2,0
other,97,7,0
other,98,2,0
other,99,7,0
other,100
other,101
other,102,0,0,1,4,0,236,2,8
other,103,0,0,6,4,0,232,7,8
other,104,4,4
other,105,9,4
other,106,4,6,1,20
other,107,9,6,6,20
other,108
other,109
other,110
other,111
other,112,3,16,4,2
other,113,3,16,9,2
other,114
other,115
other,116
other,117
other,118,0,0
other,119,0,0
other,120,3,10,1,4,2,4,1,4,3,4
other,121,8,10,6,4,7,4,6,4,8,4
other,122,3,6,1,2,12,8
other,123,8,6,6,2,14,8
other,124,1,2,148,255,222,12,8,255,255,6
other,125,6,2,148,255,222,14,8,255,255,1
other,126,1,2,148,255,222,12,8,255,255,6
other,127,6,2,148,255,222,14,8,255