label,animation_id,frame_id,delay
type3,0,0,0
type3,1,3,0
type3,2,2,0
type3,3,1,0
type3,4,8,0
type3,5,7,0
type3,6,11,6,10,8,9,10,10,8,11,6,12,8,13,10,12,8
type3,7,16,6,15,8,14,10,15,8,16,6,17,8,18,10,17,8
type3,8,11,2,10,4,9,6,10,4,11,2,12,4,13,6,12,4
type3,9,16,2,15,4,14,6,15,4,16,2,17,4,18,6,17,4
type3,10,11,10,10,12,9,14,10,12,11,10,12,12,13,14,12,12
type3,11,16,10,15,12,14,14,15,12,16,10,17,12,18,14,17,12
type3,12
type3,13
type3,14
type3,15
type3,16
type3,17
type3,18,62,6,62,8,62,10,62,8,62,6,62,8,62,10,62,8
type3,19,63,6,63,8,63,10,63,8,63,6,63,8,63,10,63,8
type3,20,62,2,62,4,62,6,62,4,62,2,62,4,62,6,62,4
type3,21,63,2,63,4,63,6,63,4,63,2,63,4,63,6,63,4
type3,22,62,10,62,12,62,14,62,12,62,10,62,12,62,14,62,12
type3,23,63,10,63,12,63,14,63,12,63,10,63,12,63,14,63,12
type3,24,10,4,9,4,10,4,11,2,12,4,13,4,12,4,11,2
type3,25,15,4,14,4,15,4,16,2,17,4,18,4,17,4,16,2
type3,26,10,2,9,2,10,2,11,2,12,2,13,2,12,2,11,2
type3,27,15,2,14,2,15,2,16,2,17,2,18,2,17,2,16,2
type3,28,10,8,9,8,10,8,11,4,12,8,13,8,12,8,11,4
type3,29,15,8,14,8,15,8,16,4,17,8,18,8,17,8,16,4
type3,30
type3,31
type3,32
type3,33
type3,34
type3,35
type3,36,10,4,9,4,10,4,11,2,12,4,13,4,12,4,11,2
type3,37,15,4,14,4,15,4,16,2,17,4,18,4,17,4,16,2
type3,38,10,2,9,2,10,2,11,2,12,2,13,2,12,2,11,2
type3,39,15,2,14,2,15,2,16,2,17,2,18,2,17,2,16,2
type3,40,10,8,9,8,10,8,11,4,12,8,13,8,12,8,11,4
type3,41,15,8,14,8,15,8,16,4,17,8,18,8,17,8,16,4
type3,42,2,4,1,4,8,4,7,4,6,4,5,4,4,4,3,4
type3,43,8,4,7,4,6,4,5,4,4,4,3,4,2,4,1,4
type3,44,21,0
type3,45,22,0
type3,46,25,0
type3,47,26,0
type3,48,12,2,12,2,25,2,25,16,25,2,25,2,25,2
type3,49,17,2,17,2,26,2,26,16,26,2,26,2,26,2
type3,50,60,2,60,2
type3,51,61,2,61,2
type3,52,23,0
type3,53,24,0
type3,54,28,0
type3,55,30,0
type3,56,11,6,27,6,31,2,31,2,31,4,31,6,31,4,31,2,31,2,27,4
type3,57,16,6,29,6,33,2,33,2,33,4,33,6,33,4,33,2,33,2,29,4
type3,58,11,6,27,6,28,4,28,4,28,6,28,4,28,4,27,4
type3,59,16,6,29,6,30,4,30,4,30,6,30,4,30,4,29,4
type3,60,2,4,19,4,21,8,19,2,27,4,31,0
type3,61,8,4,20,4,22,8,20,2,29,4,33,0
type3,62,31,0
type3,63,33,0
type3,64,27,2,21,10,19,6
type3,65,29,2,22,10,20,6
type3,66,19,0
type3,67,20,0
type3,68,19,2
type3,69,20,2
type3,70,13,0
type3,71,18,0
type3,72,64,0
type3,73,65,0
type3,74,11,6,40,8,39,10,40,8,11,6,41,8,42,10,41,8
type3,75,16,6,44,8,43,10,44,8,16,6,45,8,46,10,45,8
type3,76
type3,77
type3,78
type3,79
type3,80,35,20,36,20
type3,81,37,20,38,20
type3,82,11,4,1,4,8,4,7,4,6,4,5,4,4,4,3,4,11,4,47,4,48,6,47,4,11,4,3,4,4,4,5,4,6,4,7,4,8,4,1,4,11,4,49,4,50,6,49,4
type3,83,16,4,7,4,6,4,5,4,4,4,3,4,2,4,1,4,16,4,51,4,52,6,51,4,16,4,1,4,2,4,3,4,4,4,5,4,6,4,7,4,16,4,53,4,54,6,53,4
type3,84,2,4,11,4,41,4,42,4,41,4,55,0
type3,85,8,4,16,4,45,4,46,4,45,4,58,0
type3,86,57,8,56,8
type3,87,59,8,59,8
type3,88,55,2,19,8,2,4,11,2,27,4,28,6,28,4,27,4
type3,89,58,2,20,8,8,4,16,2,29,4,30,6,30,4,29,4
type3,90
type3,91
type3,92
type3,93
type3,94
type3,95
type3,96,9,0
type3,97,14,0
type3,98,13,0
type3,99,18,0
type3,100,68,6,67,8,66,10,67,8,68,6,69,8,70,10,69,8
type3,101,73,6,72,8,71,10,72,8,73,6,74,8,75,10,74,8
type3,102,11,2,19,4,21,8,19,4,11,4,27,2,28,8,27,2,11,4
type3,103,16,2,20,4,22,8,20,4,16,4,29,2,30,8,29,2,16,4
type3,104,19,4,64,2,64,2,64,2,23,2,23,2,23,2,23,2,23,2,23,2,23,2,23,2,23,0
type3,105,20,4,65,2,65,2,65,2,24,2,24,2,24,2,24,2,24,2,24,2,24,2,24,2,24,0
type3,106,64,16,19,6,11,0
type3,107,65,16,20,6,16,0
type3,108,64,0
type3,109,65,0
type3,110
type3,111
type3,112,60,2,60,2
type3,113,61,2,61,2
type3,114,28,0
type3,115,30,0
type3,116
type3,117
type3,118,0,0
type3,119,0,0
type3,120,10,4,27,6,28,2,27,4,10,6
type3,121,15,4,29,6,30,2,29,4,15,6
type3,122,85,4,86,8,85,2,89,2,91,2,92,14,92,2,85,4
type3,123,150,4,152,8,150,2,160,2,153,2,154,14,154,2,151,4
type3,124,85,4,86,8,85,2,88,2,87,12,87,4,88,2,85,4
type3,125,150,4,152,8,150,2,155,2,156,12,156,4,155,2,151,4
type3,126,85,4,86,8,85,2,93,2,94,2,95,14,95,2,93,2,90,4
type3,127,150,4,152,8,150,2,157,2,158,2,159,14,159,2,157,2,151,4
type3,128,76,2,77,2,78,10,77,2,76,2,81,2,83,14,83,2,82,4
type3,129,140,2,141,2,142,10,141,2,140,2,148,2,149,14,149,2,151,4
type3,130,76,2,77,2,78,10,77,2,82,2,79,2,84,14,84,2,79,2,82,4
type3,131,140,2,141,2,142,10,141,2,140,2,144,2,147,14,147,2,144,2,151,4
type3,132,76,2,77,2,78,10,77,2,81,2,79,2,80,14,80,2,79,4,82,4
type3,133,140,2,141,2,142,10,141,2,143,2,144,2,145,14,145,2,144,4,151,4
type3,134,76,2,77,2,78,10,77,2,76,2,81,2,83,8
type3,135,140,2,141,2,142,10,141,2,140,2,148,2,149,8
type3,136,83,0
type3,137,149,0
type3,138,83,6,82,4
type3,139,149,6,148,4
type3,140,76,2,77,2,78,10,77,2,82,2,79,2,84,8
type3,141,140,2,141,2,142,10,141,2,140,2,144,2,147,8
type3,142,84,0
type3,143,147,0
type3,144,84,6,79,4,82,4
type3,145,147,6,144,4,151,4
type3,146,76,2,77,2,78,10,77,2,81,2,79,2,80,8
type3,147,140,2,141,2,142,10,141,2,143,2,144,2,145,8
type3,148,80,0
type3,149,145,0
type3,150,80,6,79,4,82,4
type3,151,145,6,144,4,151,4
type3,152,76,2,77,2,78,10,77,2,82,2,79,2,84,10,79,2,82,4
type3,153,140,2,141,2,142,10,141,2,140,2,144,2,147,10,144,2,151,4
type3,154,100,2,101,4,102,8,97,2,98,2,99,14,99,2,96,4
type3,155,160,2,161,4,162,8,162,2,164,2,164,14,164,2,167,4
type3,156,100,2,101,4,102,8,101,2,100,2,103,2,104,14,104,2,103,2,100,4
type3,157,160,2,161,4,162,8,162,2,160,2,165,2,166,14,166,2,165,2,160,4
type3,158,100,2,101,4,102,8,100,2,103,2,107,14,107,2,103,4,100,4
type3,159,160,2,161,4,162,8,167,2,169,2,170,14,170,2,169,4,168,4
type3,160,111,2,112,4,113,10,112,2,111,4,114,4,114,14,114,2,111,4
type3,161,171,2,172,4,176,10,172,2,173,4,173,4,173,14,173,2,171,4
type3,162,111,2,112,4,113,10,112,2,111,4,109,4,109,14,109,2,110,4
type3,163,171,2,172,4,176,10,172,2,177,4,175,4,175,14,175,2,171,4
type3,164,111,2,112,4,113,10,112,2,111,2,109,2,115,18,115,2,110,4
type3,165,171,2,172,4,176,10,176,2,171,2,175,2,178,18,178,2,171,4
type3,166,117,2,118,4,116,10,118,2,117,2,119,8,120,18,120,2,117,4
type3,167,179,2,180,4,181,10,180,2,179,2,182,8,183,18,183,2,179,4
type3,168,117,2,118,4,116,10,118,2,117,2,121,8,122,18,122,2,117,4
type3,169,179,2,180,4,181,10,180,2,190,2,185,8,187,18,187,2,184,4
type3,170,117,2,118,4,116,10,118,2,117,2,123,8,124,18,124,2,117,4
type3,171,179,2,180,4,181,10,180,2,184,2,188,8,189,18,189,2,186,4
type3,172,125,4,126,4,125,2,128,2,129,8,130,8,129,8,130,8,129,8,130,8,129,8,130,8,129,8,130,8,129,14,129,2
type3,173,195,4,193,4,193,2,194,2,195,8,195,8,195,8,195,8,195,8,195,8,195,8,195,8,195,8,195,8,195,14,195,2
type3,174,116,12,118,8,111,8,122,12,111,8,118,8,116,12,118,8,111,8,122,12,111,8,118,14,118,2
type3,175,181,12,172,8,171,8,190,12,171,8,172,8,181,12,172,8,171,8,190,12,171,8,172,14,172,2
type3,176,137,16
type3,177,196,16
type3,178,138,16
type3,179,197,16
type3,180,139,16
type3,181,198,16
type3,182,76,2,76,4,77,4,78,8,78,10,77,6
type3,183,140,2,140,4,141,4,142,8,142,10,141,6
type3,184,82,2,76,4,77,4,78,8,78,10,77,6
type3,185,143,2,140,4,141,4,142,8,142,10,141,6
type3,186,79,2,82,2,76,2,76,4,77,4,78,8,78,10,77,6
type3,187,147,2,143,2,140,2,140,4,141,4,142,8,142,10,141,6
type3,188,90,2,85,4,85,4,86,8,86,10,85,6
type3,189,153,2,150,4,151,4,151,8,151,10,150,6
type3,190,88,2,89,4,85,4,86,8,86,10,85,6
type3,191,155,2,150,4,151,4,151,8,151,10,150,6
type3,192,94,2,93,2,89,2,89,4,85,4,86,8,86,10,85,6
type3,193,159,2,158,2,157,2,150,4,151,4,151,8,151,10,150,6
type3,194,96,2,97,4,97,4,102,8,97,10,96,6
type3,195,160,2,161,4,161,4,162,8,161,10,160,6
type3,196,96,2,97,4,97,4,102,8,97,10,96,6
type3,197,160,2,161,4,161,4,162,8,161,10,160,6
type3,198,103,2,96,2,97,4,97,4,102,8,97,10,96,6
type3,199,169,2,160,2,161,4,161,4,162,8,161,10,160,6
type3,200,89,8,88,8,87,12,87,2,88,8
type3,201,150,8,155,8,156,12,156,2,155,8
type3,202,11,6,27,6,28,0
type3,203,16,6,29,6,30,0
type3,204,11,4,19,6,10,4,47,4,48,0
type3,205,16,4,20,6,17,4,53,4,54,0
type3,206,85,4,86,8,85,2,88,2,87,2,87,2,87,2,87,2,88,4,85,4
type3,207,150,4,152,8,150,2,155,2,156,2,156,2,156,2,156,2,155,4,151,4
type3,208,85,4,86,8,85,2,88,2,87,4,88,2,85,2,85,8
type3,209,150,4,152,10,150,2,155,2,156,4,155,2,151,2,151,8
type3,210,19,6,49,4,55,4,28,2,55,4,49,6
type3,211,20,6,53,4,59,4,30,2,59,4,53,6
type3,212,86,2,85,2,85,2
type3,213,152,2,150,2,150,2
type3,214,125,4,126,4,125,2,128,2,129,8,130,8,129,8,130,8,129,8,130,8,129,8,130,8,129,22,129,2
type3,215,195,4,193,4,193,2,194,2,195,8,195,8,195,8,195,8,195,8,195,8,195,8,195,8,195,22,195,2
type3,216,129,8,130,8
type3,217,194,8,195,8
type3,218,2,6,19,8,21,0
type3,219,8,6,20,8,22,0
type3,220,76,2,77,2,78,10,77,2,82,2,79,2,84,14,84,2,79,2,82,4
type3,221,140,2,141,2,142,10,141,2,140,2,144,2,147,14,147,2,144,2,151,4
type3,222,27,4,47,4,48,6,47,4,11,4,49,4,50,54,49,4,11,2,1,2,8,2,7,2,6,2,5,2,4,2,3,2,11,2,47,4,48,6,47,4,11,2,3,2,4,2,5,2,6,2,7,2,8,2,1,2,11,2,49,4,50,6,49,4,11,2,47,2,48,240,47,4,11,4
type3,223,29,4,53,4,54,6,53,4,16,4,51,4,52,54,51,4,16,2,1,2,2,2,3,2,4,2,5,2,6,2,7,2,16,2,53,4,54,6,53,4,16,2,7,2,6,2,5,2,4,2,3,2,2,2,1,2,16,2,51,4,52,6,51,4,16,2,53,2,54,240,53,4,16,4
type3,224
type3,225
type3,226,21,6,21,6,21,16,19,6,47,6
type3,227,22,6,22,6,22,16,20,6,53,6
type3,228,21,20,80,6,84,6,82,6,127,6,35,16,36,16
type3,229,22,20,147,6,144,6,190,6,191,6,37,16,38,16
type3,230,11,4,47,6,47,6,27,4,27,4,28,0
type3,231,16,4,51,6,51,6,29,4,29,4,30,0
type3,232,55,2,19,8,2,4,11,2,27,4,28,0
type3,233,58,2,20,8,8,4,16,2,29,4,30,0
type3,234,2,4,19,4,21,8,19,2,27,4,31,2
type3,235,8,4,20,4,22,8,20,2,29,4,33,2
type3,236,2,4,19,4,21,8,19,2,27,4,31,2,85,2,95,2,21,4,82,2,76,2,19,2
type3,237,8,4,20,4,22,8,20,2,29,4,33,2,150,2,159,2,22,4,146,2,140,2,20,6
type3,238,76,2,77,2,78,10,77,2,76,2,81,2,83,6,83,2,83,6,82,4
type3,239,140,2,141,2,142,10,141,2,140,2,148,2,149,6,149,2,149,6,148,4
type3,240,76,2,77,2,78,10,77,2,82,2,79,2,84,6,84,2,84,6,79,4,82,4
type3,241,140,2,141,2,142,10,141,2,140,2,144,2,147,6,147,2,147,6,144,4,151,4
type3,242,76,2,77,2,78,10,77,2,81,2,79,2,80,6,80,2,80,6,79,4,82,4
type3,243,140,2,141,2,142,10,141,2,143,2,144,2,145,6,145,2,145,6,144,4,151,4
type3,244
type3,245
type3,246
type3,247
type3,248
type3,249
type3,250
type3,251