label,animation_id,frame_id,delay
type4,0,0,0
type4,1,3,0
type4,2,2,0
type4,3,1,0
type4,4,8,0
type4,5,7,0
type4,6,11,6,10,8,9,10,10,8,11,6,12,8,13,10,12,8
type4,7,16,6,15,8,14,10,15,8,16,6,17,8,18,10,17,8
type4,8,11,2,10,4,9,6,10,4,11,2,12,4,13,6,12,4
type4,9,16,2,15,4,14,6,15,4,16,2,17,4,18,6,17,4
type4,10,11,10,10,12,9,14,10,12,11,10,12,12,13,14,12,12
type4,11,16,10,15,12,14,14,15,12,16,10,17,12,18,14,17,12
type4,12
type4,13
type4,14
type4,15
type4,16
type4,17
type4,18,62,6
type4,19,63,6
type4,20,62,2
type4,21,63,2
type4,22,62,10
type4,23,63,10
type4,24,10,4,9,4,10,4,11,2,12,4,13,4,12,4,11,2
type4,25,15,4,14,4,15,4,16,2,17,4,18,4,17,4,16,2
type4,26,10,2,9,2,10,2,11,2,12,2,13,2,12,2,11,2
type4,27,15,2,14,2,15,2,16,2,17,2,18,2,17,2,16,2
type4,28,10,8,9,8,10,8,11,4,12,8,13,8,12,8,11,4
type4,29,15,8,14,8,15,8,16,4,17,8,18,8,17,8,16,4
type4,30
type4,31
type4,32
type4,33
type4,34
type4,35
type4,36,66,4,67,6,68,2,69,6
type4,37,71,4,72,6,73,2,74,6
type4,38,66,2,67,4,68,2,69,4
type4,39,71,2,72,4,73,2,74,4
type4,40,66,8,67,10,68,6,69,10
type4,41,71,8,72,10,73,6,74,10
type4,42,2,4,1,4,8,4,7,4,6,4,5,4,4,4,3,4
type4,43,8,4,7,4,6,4,5,4,4,4,3,4,2,4,1,4
type4,44,21,0
type4,45,22,0
type4,46,25,0
type4,47,26,0
type4,48
type4,49
type4,50
type4,51
type4,52,23,0
type4,53,24,0
type4,54,28,0
type4,55,30,0
type4,56,11,6,27,6
type4,57,16,6,29,6
type4,58,11,6,27,6,31,4,27,4
type4,59,16,6,29,6,33,4,29,4
type4,60,2,4,19,4,21,8,19,2,27,4
type4,61,8,4,20,4,22,8,20,2,29,4
type4,62,31,0
type4,63,33,0
type4,64,27,2,21,10,19,6
type4,65,29,2,22,10,20,6
type4,66,19,0
type4,67,20,0
type4,68,19,2
type4,69,20,2
type4,70,13,0
type4,71,18,0
type4,72,64,0
type4,73,65,0
type4,74,11,6
type4,75,16,6
type4,76
type4,77
type4,78
type4,79
type4,80,35,20,36,20
type4,81,37,20,38,20
type4,82,11,4,1,4,8,4,7,4,6,4,5,4,4,4,3,4,11,4,3,4,4,4,5,4,6,4,7,4,8,4,1,4,11,4
type4,83,16,4,7,4,6,4,5,4,4,4,3,4,2,4,1,4,16,4,1,4,2,4,3,4,4,4,5,4,6,4,7,4,16,4
type4,84,2,4,11,4,41,4,42,4,41,4,55,0
type4,85,8,4,16,4,45,4,46,4,45,4,58,0
type4,86,57,8,56,8
type4,87,59,8,59,8
type4,88,55,2,19,8,2,4,31,4
type4,89,58,2,20,8,8,4,33,4
type4,90
type4,91
type4,92
type4,93
type4,94
type4,95
type4,96,9,0
type4,97,14,0
type4,98,13,0
type4,99,18,0
type4,100,68,6,67,8,66,10,67,8,68,6,69,8,70,10,69,8
type4,101,73,6,72,8,71,10,72,8,73,6,74,8,75,10,74,8
type4,102,11,2,19,4,254,0,21,8,252,224,28,8,1,255,196,248,240,27,2,255,195,11,4,255,255,16
type4,103,16,2,20,4,254,0,22,8,252,220,30,8,1,255,196,248,236,29,2,255,195,16,4,255,255,19
type4,104,19,4
type4,105,20,4
type4,106,19,6,11,0
type4,107,20,6,16,0
type4,108
type4,109
type4,110
type4,111
type4,112
type4,113
type4,114
type4,115
type4,116
type4,117
type4,118
type4,119
type4,120,1,27,4,255,239,1,10,6
type4,121,1,29,4,255,239,1,15,6
type4,122,91,2,1,92,12,255,214,254,92,4
type4,123,153,2,1,154,12,255,214,254,154,4
type4,124,2,85,2,88,2,255,222,255,212,1,85,4
type4,125,2,150,2,155,2,255,222,255,212,1,151,4
type4,126,93,2,1,95,12,255,214,254,95,4,90,4
type4,127,157,2,1,159,12,255,214,254,159,4,151,4
type4,128,1,0,77,2,0,77,2,255,238,2,76,2,81,2,1,83,14,83,2,255,214,254
type4,129,1,1,141,2,0,141,2,255,238,2,140,2,148,2,1,149,14,149,2,255,214,254
type4,130,1,2,77,2,0,77,2,255,238,2,82,2,79,2,1,255,238,2,84,14,84,2,254,79,2,255,238,255,82,4
type4,131,1,3,141,2,0,141,2,255,238,2,140,2,144,2,1,255,238,2,147,14,147,2,254,144,2,255,238,255,151,4
type4,132,1,4,77,2,0,77,2,81,2,255,238,2,79,2,1,80,14,80,2,255,214,254,82,4
type4,133,1,5,141,2,0,141,2,143,2,255,238,2,144,2,1,145,14,145,2,255,214,254,151,4
type4,134,1,28,77,2,0,77,2,255,238,2,76,2,81,2
type4,135,1,29,141,2,0,141,2,255,238,2,140,2,148,2
type4,136,83,0
type4,137,149,0
type4,138,1,32
type4,139,1,33
type4,140,1,34,77,2,0,77,2,255,238,2,82,2,79,2,2,84,8,255
type4,141,1,35,141,2,0,141,2,255,238,2,140,2,144,2,2,147,8,255,255,84
type4,142,84,0
type4,143,147,0
type4,144,1,38,2,84,6,255,238,254,79,4
type4,145,1,39,2,147,6,255,238,254,144,4
type4,146,1,40,77,2,0,77,2,81,2,255,238,2,79,2
type4,147,1,41,141,2,0,141,2,143,2,255,238,2,144,2
type4,148,80,0
type4,149,145,0
type4,150,1,44,82,4
type4,151,1,45,151,4
type4,152,254,76,2,77,2,255,238,2,78,10,0,77,2,255,242,2,24,255,238,2,82,2,79,2,2,84,10,255,238,254,79,2
type4,153,254,140,2,141,2,255,238,2,142,10,0,141,2,255,242,2,25,255,238,2,140,2,144,2,2,147,10,255,238,254,144,2
type4,154,1,22,102,8,98,2,1,255,238,2,99,16
type4,155,1,23,162,8,164,2,1,255,238,2,164,16
type4,156,1,24,102,8,100,2,103,2,1,255,238,2,104,16,100,4
type4,157,1,25,162,8,160,2,165,2,1,255,238,2,166,16,160,4
type4,158,1,26,102,8,1,107,16,255,238,255,103,4,100,4
type4,159,1,27,162,8,1,170,16,255,238,255,169,4,168,4
type4,160,1,6,111,4,1,114,4,255,222,114,16,255,238,255,111,4
type4,161,1,7,173,4,1,173,4,255,222,173,16,255,238,255,171,4
type4,162,1,8,111,4
type4,163,1,9,177,4
type4,164,1,10,111,2
type4,165,1,11,171,2
type4,166,1,12,254,117,2,255,238,2,118,4,116,10,117,2,119,8,0,0
type4,167,1,13,254,179,2,255,238,2,180,4,181,10,179,2,182,8,0,0
type4,168,1,14,254,117,2,255,238,2,118,4,116,10,117,2,121,8,0,0
type4,169,1,15,254,179,2,255,238,2,180,4,181,10,190,2,185,8,0,0
type4,170,1,16,254,117,2,255,238,2,118,4,116,10,117,2,123,8,0,0
type4,171,1,17,254,179,2,255,238,2,180,4,181,10,184,2,188,8,0,0
type4,172,1,20,255,125,4,126,8,125,2,128,2,129,8,130,8,255,252,252,4,255,222,2,40,255
type4,173,1,21,8,193,2,194,2,195,8,195,8,255,252,252,4,255,222,4,40,255
type4,174,1,18,116,12,118,8,111,8,122,12,111,8,2,32
type4,175,1,19,181,12,172,8,171,8,190,12,171,8,4,32
type4,176,1,46,137,16
type4,177,1,47,196,16
type4,178,1,48,138,16
type4,179,1,49,197,16
type4,180,1,50,139,16
type4,181,1,51,198,16
type4,182,1,52,78,8
type4,183,1,53,142,8
type4,184,1,54,78,8
type4,185,1,55,142,8
type4,186,1,56,82,2,76,2,78,8
type4,187,1,57,143,2,140,2,142,8
type4,188,85,4
type4,189,150,4
type4,190,89,4
type4,191,150,4
type4,192,93,2,89,2,89,4
type4,193,158,2,157,2,150,4
type4,194,1,58,2,96,2,97,4,255,238,254,97,4,96,6
type4,195,1,59,2,160,2,161,4,255,238,254,161,4,160,6
type4,196,1,60,2,96,2,97,4,255,238,254,97,4,96,6
type4,197,1,61,2,160,2,161,4,255,238,254,161,4,160,6
type4,198,1,62,2,103,2,96,2,97,4,255,238,254,97,4,96,6
type4,199,1,63,2,169,2,160,2,161,4,255,238,254,161,4,160,6
type4,200,87,12,88,8
type4,201,150,8,156,12,155,8
type4,202,11,6,27,6,28,0
type4,203,16,6,29,6,30,0
type4,204,11,4,20,6,10,4,47,4,48,0
type4,205,16,4,20,6,17,4,53,4,54,0
type4,206,2,85,2,88,2,255,212,1,238,255,238,255,88,2,85,4
type4,207,2,150,2,155,2,255,212,1,238,255,238,255,155,2,151,4
type4,208,88,2,2,87,16,255,238,255,88,2,85,4,232,85,20,255
type4,209,155,2,2,156,16,255,238,255,155,2,151,4,232,151,20,255,255,19
type4,210,19,6,49,4,55,4,55,4,49,6
type4,211,20,6,53,4,58,4,58,4,53,6
type4,212
type4,213
type4,214,1,66,126,8,125,2,128,2,129,8,130,8
type4,215,1,67,193,8,193,2,194,2,195,8,195,8
type4,216,130,8
type4,217,194,8,195,8
type4,218,2,6,19,8,21,0
type4,219,8,6,20,8,22,0
type4,220,1,2,77,2,26,77,2,255,238,2,82,2,79,2,84,4
type4,221,1,3,141,2,26,141,2,255,238,2,140,2,144,2,147,4
type4,222,27,4,1,2,8,2,7,2,6,2,5,2,4,2,3,2,11,2,3,2,4,2,5,2,6,2,7,2,8,2,1,2,11,2
type4,223,29,4,1,2,2,2,3,2,4,2,5,2,6,2,7,2,16,2,7,2,6,2,5,2,4,2,3,2,2,2,1,2,16,2
type4,224
type4,225
type4,226,19,6
type4,227,20,6
type4,228,35,16,36,16,90,8,86,18,76,6,79,6,80,6,82,6,76,6,78,30,77,8,40,6,2,30
type4,229,37,16,38,16,150,8,142,18,177,6,178,6,145,6,149,6,140,6,142,30,177,8,51,6,8,30
type4,230,11,4,1,86,28,0
type4,231,16,4,1,87,30,0
type4,232,55,2,19,8,2,4
type4,233,58,2,20,8,8,4
type4,234,2,4,19,4,21,8,19,2,27,4,10,8,31,2
type4,235,8,4,20,4,22,8,20,2,29,4,10,8,33,2
type4,236,28,255,193,11,8,95,2,255,192,254,76,2
type4,237,28,255,193,11,8,159,2,255,192,254,140,2
type4,238
type4,239
type4,240
type4,241
type4,242
type4,243
type4,244
type4,245
type4,246
type4,247
type4,248
type4,249
type4,250
type4,251