label,animation_id,frame_id,delay
type2,0,0,0
type2,1,3,0
type2,2,2,0
type2,3,1,0
type2,4,8,0
type2,5,7,0
type2,6,11,6,10,8,9,10,10,8,11,6,12,8,13,10,12,8
type2,7,16,6,15,8,14,10,15,8,16,6,17,8,18,10,17,8
type2,8,11,2,10,4,9,6,10,4,11,2,12,4,13,6,12,4
type2,9,16,2,15,4,14,6,15,4,16,2,17,4,18,6,17,4
type2,10,11,10,10,12,9,14,10,12,11,10,12,12,13,14,12,12
type2,11,16,10,15,12,14,14,15,12,16,10,17,12,18,14,17,12
type2,12
type2,13
type2,14
type2,15
type2,16
type2,17
type2,18,70,6
type2,19,71,6
type2,20,70,2
type2,21,71,2
type2,22,70,10
type2,23,71,10
type2,24,10,4,9,4,10,4,11,2,12,4,13,4,12,4,11,2
type2,25,15,4,14,4,15,4,16,2,17,4,18,4,17,4,16,2
type2,26,10,2,9,2,10,2,11,2,12,2,13,2,12,2,11,2
type2,27,15,2,14,2,15,2,16,2,17,2,18,2,17,2,16,2
type2,28,10,8,9,8,10,8,11,4,12,8,13,8,12,8,11,4
type2,29,15,8,14,8,15,8,16,4,17,8,18,8,17,8,16,4
type2,30
type2,31
type2,32
type2,33
type2,34
type2,35
type2,36,74,4,75,6,76,2,77,6
type2,37,79,4,80,6,81,2,82,6
type2,38,74,2,75,4,76,2,77,4
type2,39,79,2,80,4,81,2,82,4
type2,40,74,8,75,10,76,6,77,10
type2,41,79,8,80,10,81,6,82,10
type2,42,2,4,1,4,8,4,7,4,6,4,5,4,4,4,3,4
type2,43,8,4,7,4,6,4,5,4,4,4,3,4,2,4,1,4
type2,44,21,0
type2,45,22,0
type2,46,25,0
type2,47,26,0
type2,48
type2,49
type2,50
type2,51
type2,52,23,0
type2,53,24,0
type2,54,28,0
type2,55,30,0
type2,56,11,6,27,6
type2,57,16,6,29,6
type2,58,11,6,27,6,31,4,27,4
type2,59,16,6,29,6,33,4,29,4
type2,60,2,4,19,4,21,8,19,2,27,4
type2,61,8,4,20,4,22,8,20,2,29,4
type2,62,31,0
type2,63,33,0
type2,64,27,2,21,10,19,6
type2,65,29,2,22,10,20,6
type2,66,19,0
type2,67,20,0
type2,68,19,2
type2,69,20,2
type2,70,13,0
type2,71,18,0
type2,72,72,0
type2,73,73,0
type2,74,11,6
type2,75,16,6
type2,76
type2,77
type2,78
type2,79
type2,80,35,20,36,20
type2,81,37,20,38,20
type2,82,11,4,1,4,8,4,7,4,6,4,5,4,4,4,3,4,11,4,3,4,4,4,5,4,6,4,7,4,8,4,1,4,11,4
type2,83,16,4,7,4,6,4,5,4,4,4,3,4,2,4,1,4,16,4,1,4,2,4,3,4,4,4,5,4,6,4,7,4,16,4
type2,84,55,4,56,4,57,0
type2,85,62,4,63,4,64,0
type2,86,58,8,57,8
type2,87,64,8,64,8
type2,88,56,2,19,8,11,4,27,2,27,2,31,4,27,4
type2,89,63,2,20,8,16,4,29,2,29,2,33,4,29,4
type2,90
type2,91
type2,92
type2,93
type2,94
type2,95
type2,96,9,0
type2,97,14,0
type2,98,13,0
type2,99,18,0
type2,100,76,6,75,8,74,10,75,8,76,6,77,8,78,10,77,8
type2,101,81,6,80,8,79,10,80,8,81,6,82,8,83,10,82,8
type2,102,11,2,19,4,254,0,21,8,252,224,28,8,1,255,196,248,240,27,2,255,195,11,4,255,255,16
type2,103,16,2,20,4,254,0,22,8,252,220,30,8,1,255,196,248,236,29,2,255,195,16,4,255,255,19
type2,104,19,4
type2,105,20,4
type2,106,19,6,11,0
type2,107,20,6,16,0
type2,108
type2,109
type2,110
type2,111
type2,112
type2,113
type2,114
type2,115
type2,116
type2,117
type2,118
type2,119
type2,120,1,27,4,255,239,1,10,6
type2,121,1,29,4,255,239,1,15,6
type2,122,92,4,94,2,1,255,238,2,96,12,95,4
type2,123,141,4,143,2,1,145,12,255,214,254,145,4,144,4
type2,124,92,4,98,2,1,99,12,255,214,254,99,4,98,2,97,4
type2,125,141,4,147,2,1,148,12,255,214,254,148,4,147,2,146,4
type2,126,92,4,1,102,12,255,214,254,102,4,101,4,97,2
type2,127,141,4,1,151,12,255,214,254,151,4,150,4,146,2
type2,128,1,0,86,4,85,8,0,255,238,2,86,2,87,2,1,255,238,2,88,14,88,2,254,88,4,255
type2,129,1,1,135,4,134,8,0,255,238,2,135,2,136,2,1,255,238,2,137,14,137,2,254,137,4,255
type2,130,1,2,86,4,85,8,0,87,2,255,238,2,89,2,1,90,14,90,2,255,214,254,90,4,89,2
type2,131,1,3,135,4,134,8,0,136,2,255,238,2,138,2,1,139,14,139,2,255,214,254,139,4,138,2
type2,132,1,4,86,4,85,8,0,87,2,255,238,2,89,2,1,91,14,91,2,255,214,254,90,4,89,2
type2,133,11,135,4,255,238,254,133,2,134,8,0,136,2,255,238,2,138,2,1,140,14,140,2,255,214,254,139,4,138,2
type2,134,1,28,86,4,85,8,0,255,238,2,86,2,87,2,2,88,8,255
type2,135,1,29,135,4,134,8,0,255,238,2,135,2,136,2,2,137,8,255,255,88
type2,136,88,0
type2,137,137,0
type2,138,1,32,2,88,4,255,238,254,88,4
type2,139,1,33,2,137,4,255,238,254,137,4
type2,140,1,34,86,4,85,8,0,87,2,255,238,2,89,2
type2,141,1,35,135,4,134,8,0,136,2,255,238,2,138,2
type2,142,90,0
type2,143,139,0
type2,144,1,38,90,4,89,4
type2,145,1,39,139,4,138,4
type2,146,1,40,86,4,85,8,0,87,2,255,238,2,89,2
type2,147,1,41,135,4,134,8,0,136,2,255,238,2,138,2
type2,148,91,0
type2,149,140,0
type2,150,1,44,90,4,89,4
type2,151,1,45,139,4,138,4
type2,152,85,8,0,255,242,2,24,255,238,0,87,2,90,4,89,2
type2,153,134,8,0,255,242,2,25,255,238,0,136,2,139,4,138,2
type2,154,1,22,103,4,105,2,1,106,16,105,4,255
type2,155,1,23,152,4,154,2,1,155,16,154,4,255
type2,156,1,24,103,4,107,2,1,108,16,107,4,255
type2,157,1,25,152,4,156,2,1,157,16,156,4,255
type2,158,1,26,103,4,1,111,16,110,4,109,2,255
type2,159,1,27,152,4,1,160,16,159,4,158,2,255
type2,160,1,6,112,4,0,113,10,255,238,2,112,2,114,2
type2,161,1,7,161,4,0,162,10,255,238,2,161,2,163,2
type2,162,1,8,112,4,0,113,10,112,2,117,2,255,238,2,117,2,117,4
type2,163,1,9,161,4,0,162,10,161,2,166,2,255,238,2,166,2,166,4
type2,164,1,10,112,4,0,113,10,114,2,255,238,2,117,2,116,4,114,2
type2,165,1,11,161,4,0,162,10,163,2,255,238,2,166,2,165,4,163,2
type2,166,1,12,120,2,0,0,123,2
type2,167,1,13,169,2,0,0,172,2
type2,168,1,14,121,2,0,0
type2,169,1,15,170,2,0,0
type2,170,1,16,123,2,0,0
type2,171,1,17,172,2,0,0
type2,172,1,20,126,6,127,6,128,8,129,8
type2,173,1,21,175,6,176,6,177,8,178,8
type2,174,1,18,104,10,124,8,122,8,105,10,124,8,2,32
type2,175,1,19,153,10,173,8,171,8,154,10,173,8,4,32
type2,176,1,46
type2,177,1,47
type2,178,1,48
type2,179,1,49
type2,180,1,50
type2,181,1,51
type2,182,1,52,86,4
type2,183,1,53,135,4
type2,184,1,54,86,4
type2,185,1,55,135,4
type2,186,1,56,90,2,89,2,86,4
type2,187,1,57,139,2,138,2,135,4
type2,188,254,94,2,255,238,2,94,4
type2,189,254,143,2,255,238,2,143,4
type2,190,254,94,2,255,238,2,94,4
type2,191,254,143,2,255,238,2,143,4
type2,192,100,4,254,94,2,255,238,2,94,4
type2,193,149,4,254,143,2,255,238,2,143,4
type2,194,1,58,104,8
type2,195,1,59,153,8
type2,196,1,60,104,8
type2,197,1,61,153,8
type2,198,1,62,109,2,104,8
type2,199,1,63,158,2,153,8
type2,200,97,8,97,8
type2,201,146,8,146,8
type2,202,11,6,27,6,28,0
type2,203,16,6,29,6,30,0
type2,204,11,4,19,6,55,4,56,4,58,0
type2,205,16,4,20,6,65,4,66,4,67,0
type2,206,92,4,98,2,238,99,4,98,2,97,4,255,255,141
type2,207,141,4,147,2,238,148,4,147,2,146,4,255,255,92
type2,208,92,4,93,6,98,2,97,2,232,97,8,255,255,141
type2,209,141,4,142,6,147,2,146,2,232,255,222,146,8,255,255,19
type2,210,19,6,55,4,57,4,56,4,55,6
type2,211,20,6,65,4,66,4,67,4,66,6
type2,212
type2,213
type2,214,1,66,125,6,126,6,127,6,128,8,129,8
type2,215,11,174,6,175,6,176,6,177,8,178,8,255,252,252,4,177,8,255,255,128
type2,216,128,8,129,8
type2,217,177,8,178,8
type2,218,2,6,19,8,21,0
type2,219,8,6,20,8,22,0
type2,220,1,2,86,4,85,8,0,87,2,255,238,2,89,2,1,90,6,90,4,255,214,254,90,6,90,4,89,2
type2,221,1,3,135,4,134,8,0,136,2,255,238,2,138,2,1,139,6,139,4,255,214,254,139,6,139,4,138,2
type2,222,27,4,1,2,8,2,7,2,6,2,5,2,4,2,3,2,11,2,3,2,4,2,5,2,6,2,7,2,8,2,1,2,11,2
type2,223,29,4,1,2,2,2,3,2,4,2,5,2,6,2,7,2,16,2,7,2,6,2,5,2,4,2,3,2,2,2,1,2,16,2
type2,224
type2,225
type2,226,19,6
type2,227,20,6
type2,228,35,16,36,16,126,8,130,18,86,6,88,6,90,6,88,6,84,6,85,30,86,8,60,6,2,30
type2,229,37,16,38,16,180,8,162,18,135,6,137,6,139,6,137,6,133,6,134,30,135,8,66,6,8,30
type2,230,11,4,1,86,28,0
type2,231,16,4,1,87,30,0
type2,232,56,2,19,8,11,4,27,2,27,2
type2,233,63,2,20,8,16,4,29,2,29,2
type2,234,2,4,19,4,21,8,19,2,27,4,10,8,31,2
type2,235,8,4,20,4,22,8,20,2,29,4,10,8,33,2
type2,236,28,255,193,11,8,102,2,255,192,254,21,4,5,10,89,2,86,2
type2,237,28,255,193,11,8,151,2,255,192,254,22,4,5,10,138,2,135,2
type2,238
type2,239
type2,240
type2,241
type2,242
type2,243
type2,244
type2,245
type2,246
type2,247
type2,248
type2,249
type2,250,2,2,1,2,8,2,7,2,6,2,5,2,4,2,3,2,92,4,98,2,1,99,16,98,2,97,4,255,255,8
type2,251,8,2,7,2,6,2,5,2,4,2,3,2,2,2,1,2,141,4,147,2,1,148,16,147,2,146,4,255