label,animation_id,frame_id,delay
cyoko,0,0,0
cyoko,1,1,0
cyoko,2,2,0
cyoko,3,3,0
cyoko,4,4,0
cyoko,5,5,0
cyoko,6,9,6,10,8,11,10,10,8,9,6,12,8,13,10,12,8
cyoko,7,14,6,15,8,16,10,15,8,14,6,17,8,18,10,17,8
cyoko,8,9,2,10,4,11,6,10,4,9,2,12,4,13,6,12,4
cyoko,9,14,2,15,4,16,6,15,4,14,2,17,4,18,6,17,4
cyoko,10,9,10,10,12,11,14,10,12,9,10,12,12,13,14,12,12
cyoko,11,14,10,15,12,16,14,15,12,14,10,17,12,18,14,17,12
cyoko,12
cyoko,13
cyoko,14
cyoko,15
cyoko,16
cyoko,17
cyoko,18
cyoko,19
cyoko,20
cyoko,21
cyoko,22
cyoko,23
cyoko,24,10,4,11,4,10,4,9,2,12,4,13,4,12,4,9,2
cyoko,25,15,4,16,4,15,4,14,2,17,4,18,4,17,4,14,2
cyoko,26,10,2,11,2,10,2,9,2,12,2,13,2,12,2,9,2
cyoko,27,15,2,16,2,15,2,14,2,17,2,18,2,17,2,14,2
cyoko,28,10,8,11,8,10,8,9,4,12,8,13,8,12,8,9,4
cyoko,29,15,8,16,8,15,8,14,4,17,8,18,8,17,8,14,4
cyoko,30
cyoko,31
cyoko,32
cyoko,33
cyoko,34
cyoko,35
cyoko,36,19,4,20,6,19,2,21,6
cyoko,37,22,4,23,6,22,2,24,6
cyoko,38,19,2,20,4,19,2,21,4
cyoko,39,22,2,23,4,22,2,24,4
cyoko,40,19,8,20,10,19,6,21,10
cyoko,41,22,8,23,10,22,6,24,10
cyoko,42,2,4,3,4,4,4,5,4,6,4,7,4,8,4,1,4
cyoko,43,4,4,5,4,6,4,7,4,8,4,1,4,2,4,3,4
cyoko,44,55,0
cyoko,45,56,0
cyoko,46,51,0
cyoko,47,52,0
cyoko,48,33,2,32,2,32,2,51,16,51,2,32,2,33,2
cyoko,49,36,2,35,2,35,2,52,16,52,2,35,2,36,2
cyoko,50,29,2,29,2
cyoko,51,30,2,30,2
cyoko,52,37,0
cyoko,53,38,0
cyoko,54,53,0
cyoko,55,54,0
cyoko,56,33,6,32,6,53,2,53,2,53,4,53,6,53,4,53,2,53,2,31,2
cyoko,57,36,6,35,6,54,2,54,2,54,4,54,6,54,4,54,2,54,2,34,4
cyoko,58,33,6,32,6,53,4,53,4,53,6,53,4,53,4,31,4
cyoko,59,36,6,35,6,54,4,54,4,54,6,54,4,54,4,34,4
cyoko,60,2,4,13,4,55,8,57,0
cyoko,61,4,4,17,4,56,8,58,0
cyoko,62,57,0
cyoko,63,58,0
cyoko,64,13,2,55,4,26,10,25,6
cyoko,65,16,2,56,4,28,10,27,6
cyoko,66,55,0
cyoko,67,56,0
cyoko,68,55,2,55,2
cyoko,69,56,2,56,2
cyoko,70,12,0
cyoko,71,17,0
cyoko,72,49,0
cyoko,73,50,0
cyoko,74,47,0
cyoko,75,48,0
cyoko,76
cyoko,77
cyoko,78
cyoko,79
cyoko,80
cyoko,81
cyoko,82
cyoko,83
cyoko,84,41,2,42,4,41,2,43,0
cyoko,85,44,2,45,4,44,2,46,0
cyoko,86,41,2,42,4,41,2,43,4
cyoko,87,44,2,45,4,44,2,46,4
cyoko,88,42,0
cyoko,89,45,0
cyoko,90,25,4,26,2
cyoko,91,27,4,28,2
cyoko,92,26,2
cyoko,93,28,2
cyoko,94,26,2,25,4
cyoko,95,28,2,27,4
cyoko,96,11,0
cyoko,97,16,0
cyoko,98,13,0
cyoko,99,18,0
cyoko,100
cyoko,101
cyoko,102,9,4,25,4,26,8,33,8,32,8,53,8,31,4,9,6
cyoko,103,14,4,27,4,28,8,36,8,35,8,54,8,34,4,14,6
cyoko,104,49,4,49,4,37,2,37,2,37,2,37,2,37,2,37,4,37,6,37,8,37,6,37,4,37,4,37,4,37,6,37,8,37,8,37,6,37,0
cyoko,105,50,4,50,4,38,2,38,2,38,2,38,2,38,2,38,4,38,6,38,8,38,6,38,4,38,4,38,4,38,6,38,8,38,8,38,6,38,0
cyoko,106,37,16,26,8,25,6,9,4
cyoko,107,38,16,28,8,27,6,14,4
cyoko,108,49,0
cyoko,109,50,0
cyoko,110
cyoko,111
cyoko,112,29,2,29,2
cyoko,113,30,2,30,2
cyoko,114,53,0
cyoko,115,54,0
cyoko,116
cyoko,117
cyoko,118,0,0
cyoko,119,0,0
cyoko,120,2,6,43,6,41,6,42,2,41,6,43,6
cyoko,121,4,6,46,6,44,6,45,2,44,6,46,6
cyoko,122,62,4,62,4,63,10,29,2,25,2,70,2,69,4,71,2,25,2,61,2,61,2,2,8
cyoko,123,73,4,74,4,30,10,73,2,82,2,81,2,80,4,82,2,27,2,73,2,77,2,4,8
cyoko,124,61,6,62,8,63,10,29,2,25,2,65,2,64,4,72,2,25,2,61,4,2,8
cyoko,125,73,6,74,8,30,10,30,2,73,2,27,2,76,4,75,2,77,2,27,4,4,8
cyoko,126,61,4,62,4,63,8,29,2,25,2,68,2,67,4,66,2,25,2,61,2,2,8
cyoko,127,73,4,74,4,30,8,73,2,77,2,79,2,78,4,77,2,27,2,73,2,4,8
cyoko,128,61,6,62,8,63,10,29,2,25,2,65,2,64,4,72,2,25,2,61,4,2,8
cyoko,129,73,6,74,8,30,10,30,2,73,2,27,2,76,4,75,2,77,2,27,4,4,8
cyoko,130,61,4,62,6,63,8,83,10,83,2,63,2,25,2,85,2,84,16,84,2,25,2,25,2
cyoko,131,73,4,86,6,87,8,87,10,73,2,27,2,77,2,89,2,88,16,88,2,77,2,27,2
cyoko,132,25,2,26,4,94,2,33,2,31,2,32,2,90,4,91,6,91,10,91,2,32,2,93,2,92,16,92,2,33,4,10,4
cyoko,133,27,2,77,4,76,2,75,2,95,2,34,2,35,4,96,6,97,10,96,2,35,2,36,2,98,16,98,2,95,4,17,4
cyoko,134
cyoko,135
cyoko,136,61,2,62,4,63,6,29,6,25,4,70,2,71,2,25,2,1,2,8,2,7,2,6,2,5,2,4,2,3,2,31,2,32,2,91,4,90,2,92,2,92,2,39,16,39,2,32,4
cyoko,137,73,2,74,4,30,6,73,6,82,4,81,2,27,2,27,2,5,2,6,2,7,2,8,2,1,2,2,2,3,2,4,2,95,2,34,4,97,2,96,2,98,2,40,16,40,2,27,4